3016 5717
12240 2810
301 621
11336 2820
6525 4628
4084 208
16437 15367
10029 9473
9219 75
16444 2009
17256 13741
10331 3333
22313 7898
5520 1050
2193 9793
14376 13333
10305 6611
14026 8606
6017 15214
455 2731
7152 401
3820 226
7473 3280
293 3076
103 8998
16528 3807
2699 21802
1115 5072
1756 47
122 6600
2320 282
5343 4569
7933 5050
10562 14612
217 1802
22876 2018
21738 2939
1948 1099
14012 3844
8205 4646
934 9553
2059 14826
2748 356
324 459
6102 9305
1751 13417
3516 4366
2823 9408
1087 20731
1185 1325
5881 12666
8513 1373
1453 5419
5232 3126
2493 4200
1987 3063
14477 506
1090 7625
5320 6844
1756 3004
2886 27
591 11615
119 9844
2437 167
6747 1261
7304 7111
24107 267
4771 6088
3733 10002
3638 2737
2347 24452
10448 2722
1583 1938
11804 1456
13426 7486
22024 15953
17599 8291
6858 4619
1677 4140
1262 18269
13995 9542
8868 21687
4774 4261
1661 3388
2987 1792
2367 14203
8551 11041
1538 7063
261 9209
4506 25432
5446 3470
1167 1027
13322 863
4427 6206
743 1600
1812 6163
6367 2916
10250 9877
3178 17510
8359 1126
6203 12238
3087 16100
942 5072
6716 74
20239 9726
615 4948
2344 5540
1942 1677
35 4714
7341 6948
630 4266
4463 4804
2261 16499
4876 16483
14032 396
619 7034
5359 900
2650 131
3597 7033
7198 2742
1085 12763
7170 3817
332 1456
12782 14476
1120 17912
9408 9425
63 11664
2837 1860
11258 62
1907 1837
5399 323
103 5219
61 6997
22134 13730
148 8517
2019 1524
382 13717
3226 1608
1245 17034
3137 5506
1595 2585
4341 869
14527 1942
16045 7199
7394 10511
1145 1283
2083 7798
4226 5999
106 8883
869 12780
307 2794
1674 10111
1 1133
7501 20469
3399 11912
3507 3533
8635 8177
1074 2553
41 13866
5881 6034
2329 527
1789 749
2837 1080
1869 4655
7887 282
236 16481
5913 5607
122 1075
21286 10608
442 17197
7117 5097
22295 489
9520 63
952 264
2368 1645
3968 8153
831 338
556 9101
4615 6092
3443 6502
6944 13976
6747 3884
4202 4770
2097 1406
140 19700
7908 16017
3334 10106
217 8649
4727 14766
7894 2090
1501 6753
7405 4010
24316 22337
3822 1560
8683 120
9083 6401
2623 12273
63 5726
13471 10902
983 14209
12855 514
2593 35
8744 163
9010 3219
23912 5041
9758 9594
267 22612
3123 2487
2226 4314
249 10032
130 3790
10833 10754
183 2174
14021 4628
3592 4853
974 10069
122 18835
232 12520
308 2006
4125 8240
700 14915
97 5161
1945 1207
479 3819
2000 24978
6610 8551
14889 11767
3039 15285
869 17941
949 10502
4727 1562
2808 695
10154 714
7619 30
884 6067
4739 298
74 10719
10712 2300
163 2670
14268 10339
6179 2338
13085 17421
5789 7050
10084 900
4990 14182
140 5881
30 7679
6748 6816
2951 3599
2477 7888
4022 4279
13355 22292
23675 1519
1898 2054
21310 5983
19885 21204
6688 9209
5278 166
4625 1962
10366 321
10529 895
1150 2813
277 2012
14024 9131
2404 8867
1169 2823
1010 9660
9999 692
2105 5734
969 9193
11155 6069
1103 34
5685 695
487 3976
5137 14134
3178 2123
16853 1833
12612 11195
23514 12976
8728 15729
8313 2474
14036 10754
2756 883
6408 5939
22612 5134
402 6109
122 3935
2111 2240
11338 9190
11362 2801
7575 9470
2553 4953
375 10987
8708 18324
2138 1003
3399 1716
6849 3584
21749 10484
154 36
6993 9576
3243 4769
1666 1701
19850 869
13272 10106
14982 5390
1641 6859
3931 10326
16603 6865
302 8932
2597 186
295 1508
9016 5271
325 2181
4120 611
13372 6909
4615 10083
23 4081
17492 122
2789 2795
2644 2899
1825 9656
6537 707
6609 1212
1647 10285
18187 4516
1742 8691
1047 7191
615 11132
869 2073
2236 2292
14459 327
5983 14837
6989 6942
15900 12843
4602 4099
3974 6793
11990 3649
13884 11767
149 5881
5484 252
21686 6896
2367 681
370 1622
1557 2597
14158 3636
870 2480
9288 13922
2721 16038
212 12022
4948 35
17 5224
2777 2778
76 3592
2221 1582
965 2490
157 4661
1489 718
2669 4720
3852 12897
9690 2730
12217 3283
26052 2966
9639 1642
10533 14140
6742 5224
4584 443
7508 1578
2367 4795
1738 12016
23666 5180
2388 9082
13671 14779
152 10729
4564 14336
321 15073
3945 117
2855 2543
4764 3690
5021 1669
2713 6844
1933 14819
3950 3783
3039 1034
240 2264
1266 4648
6996 449
69 9750
10035 6358
7555 14156
21606 17434
1935 2451
527 2390
9727 166
360 4277
157 21144
14677 9244
5362 1098
3641 13456
12464 122
5963 5740
2142 11051
21497 5790
3112 7043
1628 4727
1781 8200
239 16920
5030 1997
671 774
12631 11056
2475 1099
2251 444
6826 12110
5320 6938
12850 9438
2741 5141
19365 4640
6848 1686
3254 4
17791 14544
8668 122
6598 12031
6990 1658
3354 350
2939 1318
7634 7899
893 12255
2318 1805
9585 3083
5234 3601
2559 62
826 3706
10200 11041
2069 6464
73 157
668 35
1950 12309
986 16212
1767 1665
4653 14876
3692 8904
869 2845
1577 1844
5615 5156
6114 1711
321 4554
1805 21693
3007 6659
10345 61
1669 2083
19858 429
7408 370
804 1376
1636 127
261 6769
22593 2887
2493 6820
674 3492
8847 1597
8259 7755
1993 413
35 2564
785 10533
12694 2368
4258 423
2381 3194
12819 378
1962 643
1738 9878
6183 468
338 8342
240 2445
10669 61
2441 665
62 11159
1162 44
8919 44
847 1330
14682 163
22277 436
5420 5429
4923 1128
15109 14064
1422 6173
1229 430
217 4830
2810 4467
1255 6355
2712 2826
9154 103
10570 4254
3461 3654
15999 6718
1148 941
1246 2402
3558 4341
9495 9726
2046 4963
1429 7725
1137 7970
11237 9903
5612 176
9570 15605
12994 869
6060 3234
7625 157
4507 14635
1451 2890
5370 2730
79 1510
7128 12642
10228 11338
4362 5349
14112 9060
8844 3050
3007 8803
6157 1547
5955 5734
2948 17987
896 5211
239 69
1332 452
220 261
12843 12771
4406 13427
10951 14911
4038 1745
4460 9428
6771 1669
3031 4
1622 684
947 2433
135 6341
5412 9241
21273 165
849 7617
8764 478
10783 3777
35 5968
7047 5260
5714 5200
9647 61
4233 1422
2535 8967
3386 3112
21188 4102
19515 11797
74 10859
1998 1878
615 12592
2575 3186
2484 865
924 1738
8082 7689
3995 8357
1751 3342
541 9716
10191 1261
2842 1914
7043 10132
3235 15767
17602 10494
3761 5120
1684 1835
3087 5209
10415 2818
3601 3016
23013 21310
7865 5496
1013 480
5890 2341
293 4084
25733 7776
13926 5385
1019 3678
13504 7779
5148 7180
6762 1992
1771 225
6981 8313
3218 3633
13457 7793
3196 3015
122 19712
1749 1806
14844 22345
1560 17077
13648 5359
5932 9038
6919 8067
743 7877
8898 9844
6597 1665
16771 13020
3637 13347
3532 3726
5113 1084
106 9721
3218 153
11035 7153
1586 7508
679 15103
5158 10847
14938 2085
4464 4523
2169 3528
5536 1192
17256 5607
13356 12190
1183 14222
22706 9786
1875 25419
11912 10633
2770 1789
2040 16322
22716 10603
153 7188
20801 8728
10899 5798
1259 14309
63 960
4443 3670
691 9764
2367 4451
5373 10671
12976 23530
7663 3867
5844 7188
2800 2573
12713 10356
307 2134
9317 8575
63 4153
8279 26103
21334 21344
22154 250
20680 140
1519 189
2085 1979
261 707
19858 9790
3678 5069
21016 9252
10073 2404
3249 3871
9570 9510
3507 697
1595 1648
3334 13890
122 16997
7710 321
4098 2277
1660 4937
6000 17830
2631 1568
1256 1238
12391 4410
5206 2820
9584 8647
3579 14166
324 41
11933 1771
11247 10116
3037 3502
20719 5409
539 14656
15235 7300
3335 11945
11909 4913
10160 9901
2152 1756
15592 1743
11763 14954
4235 1823
1984 7371
581 23706
3800 14839
8035 615
10115 1922
3259 1043
8028 8464
689 7501
615 9359
14646 6668
2163 3532
1799 5199
928 3634
69 4150
875 2035
10065 6655
4220 166
10537 62
1832 6657
2215 1937
567 903
19503 3385
2141 7161
4590 1146
372 1962
2152 16481
14336 11700
1871 117
501 245
3561 6398
15540 3642
2127 5881
10655 11267
5884 2221
2121 3817
6069 676
6740 5140
3761 20967
4522 13966
2987 8394
1021 6462
8383 1529
7391 268
2462 6094
445 2600
6358 6067
4044 3706
2061 2845
240 9594
3823 3827
4987 5828
408 1841
10102 4342
6553 29
3915 2640
720 1035
3844 8702
2943 5008
1067 9638
3137 8509
5098 692
9323 12526
5785 5612
21310 5639
1053 1720
2921 11300
430 8149
5420 5308
7806 1738
220 14166
166 13499
444 447
1287 2346
743 8764
33 8274
2005 7323
5912 5326
6831 5959
4432 7420
15627 8750
6178 5431
310 3887
869 1052
10685 10597
11041 773
12080 2306
7008 6405
122 9548
12390 7191
2958 4960
153 4805
9020 2717
9254 11833
16052 1905
2697 14061
6100 63
3244 11069
12856 6163
3158 3399
66 69
4386 4841
6811 1029
140 2920
3178 17524
2278 299
14032 5503
5973 5259
14352 9764
4351 5771
3399 1779
611 443
4625 443
5403 6773
4779 1942
6263 246
5902 333
2217 9402
1255 3509
18946 324
793 5411
261 5399
9241 17043
2006 163
5117 2372
6838 2144
4619 6520
6499 122
11135 1954
10482 61
3061 1806
1886 11369
3813 1431
4281 5080
4082 5029
16684 18824
11517 3318
15882 1176
288 1067
16169 11909
61 9898
7045 2717
1512 2124
212 10770
6492 639
8263 75
23118 5963
9567 9513
3593 952
212 395
1835 6009
218 2032
2553 13113
1293 3591
719 21
2606 1737
10147 99
4156 7199
4046 13243
1542 3819
14906 321
2742 3638
12233 7300
5057 17
2472 7493
621 6785
2648 9276
477 598
8533 6224
5473 1125
2060 747
4697 1711
902 5971
2871 1912
18148 122
9335 21071
3002 7574
1067 1185
2384 239
1192 6955
4586 900
8313 69
562 3248
139 13069
3186 5136
2433 14121
933 3584
168 3314
3436 5250
16162 8073
914 4266
9640 743
396 7010
239 4334
6521 28
5800 21284
3531 13
5228 596
13126 128
1376 12016
1974 8865
4553 8285
396 9617
945 9010
16226 24597
4073 965
16514 589
2060 7634
583 5549
8425 9584
2823 1919
6769 323
745 2887
3936 900
6716 1902
5620 5636
3706 3654
7919 8686
2311 225
15425 14229
390 5418
1999 4564
4774 3641
95 1600
9399 7858
2047 3819
89 898
4764 3054
62 2823
3334 946
277 8312
15208 2097
20016 15262
7052 16639
7006 11532
5030 1750
9793 15164
12082 2128
3886 2475
9871 390
6806 1989
732 2684
18438 4320
986 11204
696 2023
9824 11135
2254 10154
1109 6009
9354 111
869 4352
3584 414
13 2859
1870 8803
931 17197
5015 8402
75 13413
17821 941
333 8843
2799 3896
2059 842
2146 10859
2138 3532
3790 3508
4303 4925
276 679
2189 25369
17669 9250
423 9544
3462 8165
1768 6793
1354 8115
3117 3690
12976 6872
8551 16761
2996 19691
1739 2522
869 4234
14216 1399
6485 6491
3702 1896
2811 925
10162 349
2142 1
1889 2722
7931 56
1543 3223
10887 323
10415 1099
5601 3797
3351 6040
7388 327
1577 1056
2324 1905
2205 15050
2312 1948
5709 1912
1784 10257
9219 12959
146 20938
1575 990
2924 12342
6811 1256
2845 4868
6603 10214
4993 276
349 396
5955 4329
8216 9561
30 7334
4254 23001
5464 1452
4517 10331
1564 1571
4266 12519
5096 420
6981 11912
6356 6324
1658 806
13952 7263
6153 13319
13307 2357
8196 4714
11605 153
2669 1861
9936 347
396 8406
5919 8359
7362 869
4771 1901
7374 16068
10762 10733
2367 14625
869 11737
5496 9594
5793 2242
8720 2105
23808 14956
1029 15887
2065 4880
2714 1322
6287 14858
6832 5955
140 1389
3588 6885
9064 6904
4697 16652
3877 131
7593 1686
1673 889
3363 2219
18169 2105
15369 396
5252 21286
4394 11947
2599 121
12922 273
6168 743
2380 444
9668 3625
15186 3096
8551 4550
3255 243
10559 1997
17724 3711
4010 2857
5104 22597
83 8255
8550 2170
16986 907
7941 2065
9476 10846
6858 1843
15089 3985
19441 1937
9465 753
6799 9831
2581 2294
6931 5779
356 1328
5729 589
4611 21039
1143 13917
965 1039
12899 1658
1937 390
2745 686
5557 4977
5277 13227
103 10067
9259 15840
9768 22830
20750 9318
591 16632
1933 1200
14085 4629
4353 10410
2316 21130
4038 2604
9956 1074
1115 2833
13408 1823
1577 614
12401 4009
3321 9029
20923 9802
1099 2278
5183 21341
11397 5368
4727 6804
4953 10258
8919 4052
2073 2597
12813 190
2823 6340
4452 13130
148 9164
396 16037
969 157
42 4121
13086 21903
17438 203
4662 4923
852 2542
378 7636
2498 3622
13511 9463
9749 539
1003 66
4494 889
10770 1019
21419 396
3915 17313
4323 2471
11713 2220
5336 569
18267 411
9531 1015
2136 4254
4030 6156
4911 2823
4 3079
13243 1195
16050 111
3189 4099
1776 13791
13426 1651
222 6848
15849 5230
804 15040
6262 321
1519 8647
1145 3215
4425 16003
2487 5091
24107 1083
590 12669
2164 7477
6334 212
2567 2134
9458 357
2777 239
14009 9226
2370 16412
5252 18589
12061 4640
1022 8748
3126 4430
949 2082
926 3636
9934 2173
52 2309
327 152
12918 4266
21235 4587
274 3259
2128 8644
2439 1472
1135 5934
9861 2805
3647 6601
865 1624
4867 15122
1054 12163
1537 12662
1582 6552
1136 8733
3856 1937
614 20884
6522 11034
1128 20530
13961 2933
2837 11003
2486 5204
2959 321
2951 2291
2257 8847
63 11641
198 6929
14000 473
102 3578
1704 869
12959 8720
14223 5249
5724 963
122 1819
6849 10537
283 1806
11645 679
2400 396
1422 12980
13455 739
4750 5007
168 6535
568 1267
6387 432
4301 679
2715 7932
9050 17724
6900 869
1806 4672
17481 122
12197 1579
2102 3699
10069 9340
3334 16580
9771 6831
2823 658
21888 1139
5181 7678
8764 6429
396 7466
5897 13727
4654 2676
737 9340
6357 13372
1509 7481
6208 1029
341 916
22546 4036
9532 14352
6114 2329
2032 23634
9806 3636
19854 9603
7382 17048
5042 735
11888 21837
1388 7153
166 8390
10079 949
10035 2939
7832 1506
3568 2434
1283 11798
5073 8394
12939 1962
2152 523
9467 1731
1461 9234
773 4535
408 3873
6875 62
7918 4550
149 239
103 12856
10575 6824
8079 10815
4324 2378
2089 1043
4673 2125
16836 1554
8679 12744
1711 306
9965 293
2948 2495
1506 10893
242 14900
288 8877
4318 321
7812 2823
2174 1710
4 2964
79 21975
2451 325
611 16919
7779 9054
2568 3218
3255 6771
6622 8110
3443 15555
16481 4709
5503 2666
14697 20076
7591 4317
1020 11997
3100 691
6306 2342
4363 8405
6981 10035
2790 3347
9533 16983
10191 2134
4507 868
2334 4425
14149 614
5553 3566
12857 2563
5271 23230
2105 679
61 35
3185 3255
1964 3625
4609 6833
21745 1539
6486 6740
2745 2320
8877 3052
2375 440
5156 4349
14002 21571
1431 21969
2078 11571
4025 9324
2477 2287
2220 5944
1130 2823
10069 9521
103 12179
2909 148
7031 9321
11490 16699
30 1812
1621 9071
939 15056
5411 16583
18088 122
324 993
14021 10356
10282 7774
2528 1047
4492 7069
396 7774
16871 232
2292 49
10719 1198
13253 135
4002 12724
14995 9340
8192 4292
6009 10448
2405 8827
5187 1262
2354 1382
8437 122
2433 20506
9737 1047
354 5163
6429 972
436 7532
1029 3734
2076 444
3265 2898
1506 1648
11696 15605
7181 14904
5386 2188
3557 1118
7222 2722
804 4628
18168 1783
153 12632
3636 4492
4978 3514
9291 37
10621 212
589 15512
7480 3621
5144 4740
2600 7701
15374 656
10876 1150
8512 184
1036 667
4620 2737
387 1758
121 8177
16632 22713
1406 5309
2363 1
1105 2747
3363 2644
2209 1571
141 7747
10937 10115
14514 2141
5279 6831
9071 62
23823 41
122 4370
22430 2257
5242 13026
2562 1127
4229 4337
6121 3320
436 6900
42 11495
16501 549
5812 21284
23365 4474
7085 9793
9006 10859
2433 9914
11237 7388
7809 14535
423 6401
1178 7513
3372 2497
1529 4125
3221 11159
447 5601
6067 14551
5529 1553
5940 5454
569 10030
947 1076
5736 23
1115 1665
1930 8158
106 15762
8311 3363
2347 8301
5159 774
900 23793
7051 12044
6657 5219
4592 4470
1711 117
4498 11894
6383 4476
13919 117
10034 4332
6758 953
6574 3137
10859 2345
8342 10455
9596 2274
9509 4426
615 3144
11757 8589
6623 8265
7216 7118
6045 1934
2988 5858
2809 7020
23912 6210
8940 14664
1283 5774
212 14301
8758 1988
4258 2075
2794 506
1255 1003
2991 416
18141 14807
372 10321
432 4266
6025 103
10227 11598
1003 7861
2272 1388
9621 63
9167 1194
10886 10792
198 4082
21344 21276
63 5110
2341 333
2542 11797
3694 1663
166 21330
20560 9250
430 5137
5929 2215
9644 3885
14126 749
2542 11432
4863 396
2454 2217
2075 17133
3178 3492
4099 4367
7838 444
3509 622
675 1171
1105 3769
1901 7941
10655 4226
1007 965
12848 10621
4233 1883
10012 168
111 3642
1665 168
365 6344
8502 777
2210 14806
14399 5411
11431 1570
17771 2798
2320 4262
11260 19845
2472 2061
7368 4702
22847 5108
3856 4909
19452 21130
24666 11848
3504 5354
1571 840
11859 6208
10463 7029
2138 669
4820 605
12548 8159
958 3797
24447 2604
21003 8223
4943 7625
122 18310
6719 3186
13175 4847
13034 5122
12079 16555
6846 157
16510 354
5176 5832
388 3562
2827 2930
3334 8315
1280 5063
795 1774
3833 122
113 1686
328 1009
5902 5744
4469 967
1738 4363
13908 152
122 14764
3706 5955
6718 1745
1236 4858
4322 7611
1567 5227
6955 7512
4209 965
686 2088
13284 12768
733 24677
5277 5899
3365 4867
436 25959
6637 8710
1255 6614
2138 21531
5351 321
13663 2229
952 6761
1089 11069
6941 9518
2752 5616
1619 4507
4099 10084
1589 8324
3050 6947
23861 11441
445 14852
11572 4344
288 6948
11424 240
15368 1973
1579 4096
2891 8427
4909 157
6818 5498
876 239
11278 4243
15085 103
16322 4254
63 12261
21359 1482
13646 1280
22875 205
9650 10181
15293 122
12993 181
2960 1716
433 27
11309 15193
10458 390
3817 1511
373 12864
9938 11848
695 11169
6236 1402
9764 4332
3571 4834
5383 6787
2585 3699
23071 1743
13450 1483
61 3052
9409 436
7447 6549
16089 321
1606 953
5 3655
10210 3611
1780 1945
6742 13950
5680 2001
1019 16617
3520 4427
2334 6868
236 2347
366 732
349 13741
4661 120
7099 7429
9463 4261
1519 20344
6353 2021
1508 2271
3964 6186
11091 6193
7314 1105
11927 1100
454 15554
9744 16500
1613 6442
5709 157
2320 2823
4313 11351
6790 1195
390 6837
1388 1942
11940 9736
1583 92
122 8210
8210 24376
3307 16074
2663 11577
4477 493
620 3819
1771 6793
5394 4750
2702 324
6499 988
11790 10302
415 14614
4725 8162
1021 276
20111 17599
208 6400
4380 14820
1937 41
15294 3254
12200 2045
9993 889
6636 1791
7258 10687
9977 1150
7467 6948
2316 4259
360 12539
2981 4233
12139 12115
3694 2702
14913 9598
11627 7809
5388 2768
7202 106
922 6054
14195 140
4911 14825
90 22867
2121 4498
4757 1844
2027 1052
3729 17740
21733 1644
7211 458
5192 3019
103 463
4362 1764
1504 4405
7485 9456
2128 1107
3723 31
2439 1546
3634 683
129 3323
3137 1049
21418 9610
42 11426
15598 27151
10577 1388
15100 8936
2587 214
157 1762
6178 349
5820 4226
339 1844
7196 30
11703 4156
16019 2405
20078 444
7262 2265
150 23771
4286 15755
9737 12424
17385 204
17269 14465
6906 2796
5479 309
10869 16891
1844 17104
9616 2009
7043 6811
2758 321
7237 14721
5252 22365
21785 8162
9910 2367
7160 85
8283 965
1799 8546
12898 9901
3790 589
6595 1649
1146 12502
16053 17091
681 7479
7300 7232
4226 14906
17037 21871
9399 2164
567 1905
2123 7065
1779 8902
14717 13917
20804 9584
1022 7243
2742 654
9463 5812
12105 360
430 9207
8686 2748
10297 5955
128 17212
9239 23556
15118 41
3538 436
14336 4896
9808 18966
783 20597
1999 1727
2228 1942
2343 22529
3612 13307
14425 5387
2059 12908
4371 3574
10063 2300
4025 1368
8464 69
1297 2329
20998 1500
9163 456
7153 11418
399 5041
2774 301
7362 4586
1619 599
16574 5409
5426 1786
516 1572
1429 1800
2367 3235
8919 2158
478 3218
9619 6213
9584 9577
1529 803
4547 278
12884 676
7000 13239
868 10419
14837 1083
4902 6772
21007 3757
2644 3039
7001 2141
7480 7620
9252 11755
11079 14723
10608 9990
7185 11066
3289 1950
3318 6275
12965 396
5159 9518
10350 5277
5875 3800
5171 4617
1579 15939
2208 8408
1451 2719
106 6131
223 6635
1835 4178
459 7579
11996 321
106 10225
6069 1913
2217 9640
314 5113
16673 1529
5204 6167
33 386
41 413
5701 42
1782 160
349 4334
21708 7779
1025 12661
156 3376
2423 8500
1751 2040
103 14832
1861 1005
9497 2060
4707 122
1716 7859
12439 6955
156 4702
166 11350
2809 615
1230 3343
3625 12065
5208 10804
12014 1569
2924 506
2806 1680
12009 15485
13143 1656
14138 21804
351 2604
876 396
11633 193
12688 6736
2230 1594
3995 2669
5135 3344
8929 176
5835 3477
4156 3108
8158 2515
976 2556
2930 5713
10143 444
2127 5161
436 8110
6766 261
1458 16979
2384 2100
44 8943
1699 12235
15874 6224
6771 436
1067 3109
14551 2045
669 130
13017 423
9638 622
9303 965
9520 9633
3946 1710
2316 7789
1207 11560
941 8157
1115 4399
2401 5959
3029 14201
2208 4727
998 1
21330 8285
14309 9755
10136 8199
239 6773
18402 9356
309 4679
10769 2302
1028 4586
9637 2372
5744 1806
3470 729
1420 1124
2832 2998
261 282
4351 5392
11368 390
14086 324
21216 4913
14765 2085
122 11872
10650 232
7066 4253
4163 1122
2832 4750
217 9279
7044 15402
15186 7128
182 6203
5177 900
12915 208
2394 252
4792 13143
1128 3023
1973 11346
812 63
7220 11042
156 2666
321 4197
9485 382
4962 4362
2658 17217
141 217
130 548
2359 6821
2235 5014
4441 11339
4846 16179
2152 1746
5435 2383
662 804
6024 5278
5107 2265
11834 321
9746 6906
4807 2921
12352 2694
13922 1434
4688 4149
367 14721
93 119
1710 1962
12001 8318
9937 9464
6016 5419
230 2001
8390 2367
7684 13736
260 2853
10079 13049
23167 5412
15594 55
8309 960
810 12319
13341 10723
9736 4004
6885 4096
6784 11289
4695 686
10064 3391
6486 3802
2292 2863
11077 14424
10604 6136
3112 278
20491 5411
190 8933
8826 2399
23 2341
1597 1594
929 660
9736 9620
2370 2018
9343 2644
5639 16055
2176 9407
2434 4384
2012 212
9208 1015
4291 3776
13390 8868
1743 6879
10926 21289
5117 1067
14557 4197
3517 8343
589 2963
13533 3346
61 10497
2286 12412
18811 6514
1202 3937
4316 15059
1980 967
14930 396
1756 6892
17043 21187
105 1675
24545 4158
1912 1117
373 434
3399 16128
7555 810
1594 21926
7219 6675
4189 9194
122 16455
14412 622
250 9694
9802 820
1612 3113
942 14277
10694 7118
683 4609
15411 2963
4184 1617
8933 22593
6371 3492
697 3636
952 3922
21508 22466
66 1004
414 3271
545 146
3247 16166
3615 21211
1927 1538
7033 10769
14713 10147
6537 13213
15424 3023
106 9096
5292 12001
12989 2401
2565 9368
7795 436
1642 12306
4648 5117
2102 3706
3540 16169
40 13107
924 12889
1634 1
13406 5459
8606 12907
3678 3093
14329 4398
4332 12816
14774 6723
13087 12497
593 1767
4590 2193
11309 1295
1742 4258
715 7049
10601 3706
3117 19967
9695 9726
4178 8532
277 14091
21679 2530
14808 6723
7605 921
140 5751
806 4765
2669 9726
5898 22122
4615 7515
19988 198
4106 2730
21689 3222
5159 10186
1874 539
9101 1386
2111 4609
13816 10215
406 3028
430 14729
8627 122
9301 2286
61 10333
1757 14231
1046 3876
44 931
4495 1801
2139 4611
1841 2889
6680 3029
3072 1529
4548 1659
506 330
9688 396
14310 6921
2228 23158
21367 26944
5734 7732
10974 10052
1173 9408
9183 3892
3041 6603
12233 4975
7886 10779
647 3598
852 1984
9146 2105
3706 9107
2683 3659
420 2699
11941 8071
19247 6771
7259 1706
5412 365
18289 5856
5219 5278
452 962
382 697
13171 965
6030 1538
14441 22965
6387 1760
5205 261
4464 9921
13702 7180
6744 6068
8720 12822
13337 12199
23248 10193
2186 1880
17838 122
15447 5411
3085 7745
3985 5180
17663 2885
4225 21094
2206 4267
1165 3615
9994 10548
2966 965
9202 3637
24862 1575
4971 42
62 1735
1075 2541
2378 3082
2637 5296
4542 324
22879 1756
8373 8758
14770 5383
1851 103
4100 2304
1800 5845
19821 21165
10945 4148
126 5086
5306 3819
21301 6072
2136 8868
5514 5629
4611 3913
1933 8103
11036 4291
1022 1999
866 900
4952 5743
3754 2529
5412 6910
6523 14717
17875 14302
6718 9189
16452 9144
10487 2472
542 2515
622 5743
8101 1529
3452 27510
2713 3307
17599 4275
10873 22783
10687 7168
7014 724
2018 3328
5726 5652
5932 3588
16316 298
749 610
1648 2045
885 953
4957 8113
957 783
6933 5096
1145 15032
6697 1748
6811 14277
3576 7571
12001 12071
7973 302
4243 6955
1195 1706
1120 17314
6884 958
13455 6163
6336 9304
6283 1406
1673 1020
276 217
42 2907
2405 6105
7638 3646
1118 16198
4995 631
2648 569
3129 13047
36 9198
2221 147
290 1537
2565 9466
5734 966
1431 41
8513 103
5565 14844
6921 9144
7833 5384
3925 9249
10613 10353
16441 7795
6201 296
17505 1456
4266 1195
4135 3288
14267 5286
6820 8152
108 5970
6034 14140
4332 1126
4470 4365
333 2750
6671 1460
2211 5413
2522 5440
15150 9110
11927 8635
6813 10008
14652 17125
2522 13617
2330 8875
4342 9463
2198 2675
9250 5084
436 9279
6871 858
2251 9189
7579 7429
140 20337
7619 61
7962 7693
4061 21562
2005 6851
9742 4310
20777 11240
10306 1097
6868 4464
4968 2005
15412 814
9238 16592
349 6182
9990 783
11504 3189
8738 2097
12837 2400
7770 2644
299 4795
21537 15209
14806 122
5534 16455
707 15122
6061 6842
35 4361
12176 2299
14721 3636
1698 1223
6311 342
4099 9530
1054 1003
676 14347
4684 695
7871 7195
2012 3463
435 5266
965 13297
106 3624
10203 7466
15647 1238
27380 23094
1118 2998
11918 2865
5132 1598
4340 8543
17539 589
3711 970
4259 9407
8072 3372
8182 292
5503 220
396 9796
4918 581
3989 15521
2194 9263
119 11953
6779 1179
6163 4637
11517 63
14861 3372
396 12141
19814 964
12021 174
866 795
1328 3334
16399 7375
4509 11333
661 2430
7590 3771
9008 321
13642 4550
1961 6233
2712 19256
1404 129
1856 3485
4477 2329
1577 147
2920 665
6742 8381
12802 8919
589 9552
30 6926
4034 475
1951 2291
4503 13900
5767 2581
14347 218
1818 1908
2134 3953
22034 3787
1701 3014
4426 2374
1795 261
8239 61
2348 4231
1738 2236
3301 485
4215 63
2419 3234
11418 1860
6186 2278
7034 1382
2624 5308
4545 13
7461 14661
1751 13445
7125 1211
13647 122
25555 5928
3366 184
6604 2163
622 14958
436 1173
11624 2823
4305 1577
4098 1810
6913 842
6793 10754
601 13250
1025 15555
3109 10236
2430 1229
12033 1016
5602 9423
1678 13487
7992 5795
6403 952
375 128
157 5496
8994 14730
28 436
14275 7304
5800 4617
10014 1047
1237 1140
1751 6685
119 402
9340 5999
4405 3598
2889 6756
41 8113
884 7736
5111 153
5781 23
1891 6633
11912 632
4498 3218
23184 132
1861 7662
302 5209
1237 4073
2210 2083
2246 3161
396 23224
1167 3971
2362 5010
106 12600
15288 42
5858 3046
19466 3771
10500 569
1582 261
10306 622
16411 324
2628 4265
6552 762
3783 1120
6288 7879
2370 8938
21477 2220
5362 17514
5881 11480
952 9110
14008 16949
2347 5397
946 3255
1022 8800
2693 146
1511 2204
6753 10672
7033 5947
967 13802
5138 5060
1613 24120
8520 1663
2042 1559
2236 14074
14465 143
4226 17529
6103 10569
961 399
15638 607
21565 344
250 41
5149 2401
3368 6580
12945 10634
4275 16175
9449 753
13310 13891
2662 1122
10173 3894
8475 1075
1068 1897
15455 2982
12013 1947
8658 5779
