444 6446
6603 6169
9977 6330
5484 1992
14512 5225
8914 436
17424 1570
6929 2909
4168 3508
12892 9788
7779 10938
2683 452
5892 791
12870 9221
9626 10508
1074 12734
396 11371
619 876
17 643
21637 4890
8155 9254
122 3176
2188 17471
35 8783
675 76
581 14193
11174 9065
112 124
3557 2159
869 3634
5338 6042
14024 9173
42 12620
8646 17484
7243 1768
869 4768
7605 2774
2331 140
7223 9276
6156 17758
2008 5383
6747 4344
21340 16322
2244 6514
19130 21341
4258 6667
22139 5090
5050 7724
13897 105
208 6741
7122 14258
2121 241
2405 4401
12810 1585
2374 12976
4498 6010
3931 3872
15000 5480
7303 24184
8717 4609
14875 9749
2818 3788
6814 4273
16926 864
7979 1682
10851 8606
15575 10178
1997 9101
321 8987
4836 15340
5677 327
6796 26368
9340 4265
146 7630
9191 2251
21075 18516
1139 11976
6056 4395
2103 3282
3375 3282
8099 16440
12899 10670
9796 1788
212 2939
8422 8107
14837 9758
2924 263
3182 4386
186 10239
1482 6944
911 920
476 10339
3909 13363
2405 14757
9280 9431
9219 12503
947 4342
10733 5436
15572 1616
2278 2375
14158 614
4257 1165
588 2837
15565 3892
6136 17731
1105 276
603 2686
9482 8070
2464 7095
4924 62
106 1172
2024 7153
8803 3935
3810 3351
1176 3218
240 2774
9203 1238
697 2934
22881 2335
16958 6837
6852 7028
3963 4953
9687 1067
232 6151
21350 10804
9990 307
9091 3624
22492 4430
2176 1105
2566 374
3178 11577
2964 6460
2996 8431
9337 24906
1783 3647
5955 12421
4405 13017
9626 6581
4258 1674
5852 62
821 1443
5406 1293
5989 1869
10205 476
17218 2129
678 3087
5178 13035
5426 1467
2599 5020
1117 1116
21514 2093
146 941
35 221
6535 63
22693 131
12317 12976
15698 442
964 2839
6818 317
9226 5270
7346 1255
10558 6167
1156 274
10416 8433
631 9203
1159 3642
6657 146
11180 10975
2316 7480
3819 1881
336 14054
4634 4046
21286 10593
10362 14457
12582 430
949 10201
16011 10228
212 8796
5057 5514
9250 288
9096 13190
8404 14279
4135 13040
11125 7386
4272 588
565 324
127 6186
2148 3399
4634 3188
2471 14579
12838 7439
4928 26563
7185 9368
10699 6946
5779 2617
10891 3624
1662 4445
2333 6075
183 5136
19935 4318
3028 2383
8464 221
10955 61
566 835
9687 721
5743 8296
2021 22233
15443 9898
36 9148
6567 3926
9206 3238
1143 2257
2217 710
14740 7426
13684 2286
7220 1959
14320 2521
15626 122
4922 148
2901 6069
2136 9086
5070 10530
4962 1551
6930 5204
851 12414
3164 949
1280 1536
15821 7300
1867 1854
6824 2035
1738 2146
2717 332
8202 81
35 8580
4654 16963
2267 5064
120 1098
21261 4833
321 4046
12304 18699
22037 10599
22225 647
4178 3942
7205 4631
5306 13890
9668 13064
10975 5419
8985 701
1880 5613
13315 1074
14423 4550
11051 10572
1575 615
10593 3235
15271 349
14117 6957
7976 7212
146 35
4258 146
4046 146
2774 146
949 146
869 146
212 146
146 122
146 62
17758 146
14512 146
11174 146
9206 146
8099 146
7212 146
7205 146
7153 146
6852 146
6814 146
6535 146
6169 146
5204 146
4833 146
4550 146
4342 146
3508 146
3375 146
3178 146
2901 146
2837 146
2566 146
2375 146
2257 146
2244 146
2188 146
2148 146
2129 146
1783 146
1682 146
1255 146
1238 146
1159 146
1143 146
1117 146
1116 146
964 146
876 146
603 146
452 146
444 146
430 146
396 146
240 146
183 146
146 106
146 63
4046 35
2774 35
949 35
869 35
212 35
122 35
6852 35
6814 35
6535 35
5204 35
4833 35
4634 35
3624 35
3508 35
3375 35
3282 35
2405 35
2375 35
2244 35
2188 35
1783 35
1682 35
1255 35
1159 35
1117 35
964 35
876 35
603 35
588 35
444 35
396 35
321 35
240 35
106 35
63 35
9101 35
9096 35
9091 35
9086 35
9065 35
8987 35
8985 35
8914 35
8803 35
8796 35
8717 35
8646 35
8606 35
8464 35
8433 35
8431 35
8422 35
8404 35
8296 35
8202 35
8107 35
7426 35
7223 35
7185 35
7122 35
7028 35
6957 35
6929 35
6747 35
6460 35
6446 35
6186 35
6167 35
6151 35
6069 35
6042 35
5779 35
5743 35
5480 35
5306 35
5136 35
5090 35
5064 35
5057 35
5050 35
4924 35
4922 35
4890 35
4768 35
4654 35
4631 35
4430 35
4386 35
4178 35
4135 35
3931 35
3926 35
3909 35
3819 35
3647 35
3642 35
3634 35
3399 35
3351 35
3218 35
3176 35
2996 35
2909 35
2686 35
2683 35
2471 35
2464 35
2383 35
2286 35
2278 35
2251 35
2217 35
2176 35
2159 35
2146 35
2121 35
2093 35
1880 35
1869 35
1867 35
1854 35
1768 35
1738 35
1674 35
1662 35
1616 35
1585 35
1575 35
1570 35
1482 35
1280 35
1176 35
1067 35
947 35
941 35
821 35
721 35
701 35
647 35
643 35
619 35
614 35
565 35
442 35
436 35
349 35
317 35
307 35
288 35
276 35
263 35
208 35
186 35
140 35
131 35
124 35
120 35
105 35
61 35
42 35
35 17
4046 2774
4046 949
2774 949
4046 869
2774 869
949 869
4046 212
2774 212
869 212
4046 122
2774 122
869 122
949 122
212 122
5204 4046
4046 3624
4046 3508
4046 3282
4046 2405
4046 2188
4046 1255
4046 240
4046 106
4046 63
9206 4046
9101 4046
8803 4046
7153 4046
7028 4046
6446 4046
6186 4046
4386 4046
4046 3931
4046 3819
4046 2909
4046 2683
4046 2383
4046 2159
4046 2121
4046 1880
4046 1768
4046 1738
4046 1674
4046 1570
4046 1176
4046 947
4046 647
4046 614
4046 349
4046 317
4046 307
4046 276
4046 208
4046 131
4046 120
4046 105
14875 4046
14740 4046
14423 4046
13897 4046
7976 4046
5436 4046
4405 4046
4046 3182
4046 3028
4046 2103
4046 615
4046 566
4046 327
4046 148
4046 127
4046 112
3624 2774
2774 1255
2774 106
2774 63
8803 2774
4386 2774
2774 2683
2774 2375
2774 1783
2774 1738
2774 1682
2774 947
2774 588
2774 444
2774 396
2774 349
2774 321
2774 208
2774 105
2774 62
12976 2774
9626 2774
7205 2774
5436 2774
5057 2774
5050 2774
4631 2774
4135 2774
3647 2774
3634 2774
2837 2774
2774 2257
2774 2103
2774 1854
2774 1280
2774 476
2774 112
2774 61
14279 2774
14024 2774
12414 2774
7979 2774
7300 2774
6330 2774
5892 2774
3235 2774
2839 2774
2774 2521
2774 2333
2774 2316
2774 2021
2774 1992
2774 1959
2774 1788
2774 332
3624 869
1255 869
869 106
869 63
8803 869
5204 869
4386 869
3508 869
3282 869
2405 869
2375 869
2188 869
1783 869
1738 869
1682 869
947 869
869 588
869 444
869 396
869 349
869 321
869 240
869 208
869 105
869 62
12976 869
9206 869
9101 869
7153 869
7028 869
6852 869
6535 869
6446 869
6186 869
5436 869
5050 869
4833 869
4634 869
4258 869
4135 869
3931 869
3819 869
3647 869
3375 869
2909 869
2837 869
2383 869
2257 869
2244 869
2159 869
2121 869
1880 869
1854 869
1768 869
1674 869
1570 869
1280 869
1176 869
1159 869
1117 869
876 869
869 614
869 603
869 317
869 307
869 276
869 131
869 120
869 112
869 61
12414 869
11174 869
9065 869
8985 869
8717 869
8646 869
8606 869
8433 869
8296 869
8202 869
7976 869
7300 869
7212 869
7185 869
7122 869
6929 869
6747 869
6169 869
6069 869
6042 869
5892 869
5779 869
5743 869
5136 869
4924 869
4890 869
4430 869
4405 869
4342 869
4178 869
3926 869
3642 869
3399 869
3235 869
3218 869
3176 869
2996 869
2839 869
2686 869
2566 869
2471 869
2464 869
2316 869
2286 869
2278 869
2251 869
2217 869
2176 869
2148 869
2146 869
2021 869
1992 869
1959 869
1869 869
1788 869
1585 869
1575 869
1238 869
1143 869
1067 869
941 869
869 821
869 643
869 619
869 615
869 566
869 436
869 430
869 327
869 263
869 186
869 183
869 148
869 140
869 127
869 124
869 42
869 17
21514 869
17484 869
13040 869
12899 869
12892 869
12810 869
12734 869
12620 869
12421 869
11051 869
10733 869
10599 869
10572 869
10508 869
9990 869
9796 869
9368 869
9340 869
9276 869
9250 869
9221 869
7243 869
6946 869
6944 869
6837 869
6824 869
6741 869
6667 869
6657 869
6603 869
6567 869
6156 869
6010 869
5989 869
5852 869
5514 869
5426 869
5419 869
5225 869
4962 869
4953 869
4928 869
4836 869
4498 869
4445 869
4318 869
4272 869
4265 869
3942 869
3935 869
3557 869
3188 869
3164 869
2939 869
2924 869
2818 869
2717 869
2617 869
2599 869
2267 869
2136 869
2008 869
1881 869
1551 869
1536 869
1443 869
1172 869
1165 869
1139 869
1098 869
920 869
911 869
869 835
869 710
869 697
869 675
869 631
869 374
869 324
869 274
869 232
869 76
3624 122
1255 122
122 106
8803 122
5204 122
4386 122
3282 122
2405 122
2188 122
1783 122
1738 122
1682 122
947 122
588 122
444 122
396 122
349 122
321 122
240 122
208 122
122 105
122 62
9101 122
7153 122
7028 122
6535 122
6186 122
5436 122
5050 122
4634 122
4258 122
3931 122
3647 122
2909 122
2837 122
2683 122
2383 122
2257 122
2244 122
2159 122
2121 122
1880 122
1854 122
1768 122
1570 122
1159 122
876 122
603 122
317 122
307 122
276 122
131 122
122 120
122 112
122 61
12414 122
11174 122
9626 122
9065 122
8985 122
8717 122
8606 122
8296 122
8202 122
7976 122
7300 122
7185 122
7122 122
6929 122
6814 122
6747 122
6169 122
6069 122
6042 122
5892 122
5779 122
5743 122
5136 122
5057 122
4890 122
4631 122
4430 122
4405 122
4342 122
4178 122
3926 122
3642 122
3634 122
3399 122
3235 122
3218 122
2996 122
2686 122
2471 122
2464 122
2316 122
2286 122
2278 122
2217 122
2176 122
2148 122
2146 122
2103 122
2021 122
1992 122
1959 122
1869 122
1788 122
1575 122
1067 122
964 122
941 122
821 122
647 122
643 122
619 122
566 122
436 122
430 122
327 122
263 122
186 122
148 122
140 122
127 122
124 122
122 17
17758 122
17484 122
14875 122
14423 122
14279 122
12899 122
12892 122
12810 122
12734 122
12620 122
12421 122
11051 122
10975 122
10572 122
10508 122
9990 122
9796 122
9368 122
9250 122
9221 122
9096 122
9091 122
9086 122
8914 122
8796 122
8464 122
8431 122
8422 122
8404 122
8107 122
8099 122
7979 122
7243 122
7223 122
6946 122
6944 122
6837 122
6657 122
6603 122
6567 122
6460 122
6167 122
6156 122
6010 122
5989 122
5852 122
5514 122
5480 122
5426 122
5419 122
5225 122
4962 122
4928 122
4922 122
4836 122
4768 122
4498 122
4445 122
4318 122
4272 122
3942 122
3935 122
3188 122
3182 122
3178 122
3164 122
3028 122
2939 122
2924 122
2901 122
2818 122
2617 122
2599 122
2333 122
2267 122
2129 122
2093 122
1662 122
1616 122
1551 122
1536 122
1482 122
1443 122
1165 122
1139 122
1105 122
1074 122
920 122
911 122
721 122
697 122
675 122
631 122
452 122
442 122
332 122
324 122
288 122
232 122
221 122
122 76
19130 122
18699 122
18516 122
17731 122
17471 122
17424 122
17218 122
16963 122
16958 122
16926 122
16440 122
16011 122
15821 122
15572 122
15443 122
15340 122
14757 122
14579 122
14457 122
14320 122
14193 122
14158 122
14117 122
14054 122
13890 122
13315 122
13190 122
13064 122
13035 122
12870 122
12838 122
12582 122
12317 122
11577 122
11180 122
11125 122
10804 122
10699 122
10558 122
10416 122
10239 122
10228 122
10201 122
9977 122
9898 122
9788 122
9749 122
9668 122
9482 122
9280 122
9254 122
9219 122
9191 122
8070 122
7724 122
7605 122
7480 122
7439 122
7346 122
7303 122
7220 122
7095 122
6930 122
6818 122
6136 122
5955 122
5484 122
5178 122
5020 122
4609 122
4401 122
4344 122
4257 122
4168 122
3892 122
3238 122
3087 122
2964 122
2934 122
2335 122
2331 122
2035 122
1997 122
1467 122
1156 122
864 122
336 122
122 36
1255 949
949 106
5204 949
4386 949
2188 949
949 444
949 396
949 349
949 321
949 240
949 105
949 63
949 62
9101 949
7153 949
3647 949
3508 949
2909 949
2837 949
2257 949
2159 949
1854 949
1768 949
949 876
949 131
949 120
949 61
9065 949
6814 949
6069 949
4833 949
4631 949
4135 949
3926 949
3399 949
3375 949
3218 949
2996 949
2686 949
2278 949
2148 949
1992 949
1869 949
1674 949
1575 949
1280 949
1067 949
949 941
949 647
949 643
949 619
949 436
949 430
949 148
949 17
11051 949
9796 949
7212 949
6567 949
6156 949
5989 949
4272 949
3188 949
3178 949
3176 949
2924 949
2839 949
2818 949
2599 949
2333 949
2267 949
1662 949
1616 949
1585 949
1238 949
1143 949
1074 949
949 920
949 697
949 615
949 442
949 232
949 42
10416 949
9668 949
9340 949
9191 949
7426 949
6818 949
4609 949
4265 949
4257 949
3351 949
2335 949
949 835
949 565
949 36
22881 949
7386 949
5613 949
5383 949
5070 949
949 851
1255 106
212 106
4386 106
3624 106
2188 106
444 106
396 106
349 106
321 106
240 106
106 105
106 63
106 62
9101 106
8803 106
7153 106
3647 106
3508 106
3282 106
2909 106
2837 106
2405 106
2257 106
2159 106
1738 106
947 106
876 106
208 106
131 106
120 106
106 61
9065 106
7028 106
6186 106
6069 106
4634 106
4631 106
3931 106
3926 106
3399 106
3218 106
2996 106
2686 106
2278 106
2244 106
2121 106
1992 106
1869 106
1674 106
1575 106
1280 106
1159 106
941 106
647 106
619 106
603 106
436 106
430 106
317 106
307 106
276 106
148 106
112 106
106 17
12414 106
11174 106
11051 106
9796 106
9206 106
8717 106
8606 106
8296 106
8202 106
7300 106
7212 106
7122 106
6852 106
6747 106
6567 106
6446 106
6169 106
6156 106
6042 106
5779 106
5057 106
4405 106
4342 106
4272 106
3642 106
3235 106
3188 106
3178 106
2924 106
2839 106
2818 106
2471 106
2316 106
2267 106
2217 106
2176 106
2146 106
2103 106
1662 106
1616 106
1176 106
1117 106
1074 106
920 106
697 106
615 106
614 106
566 106
327 106
232 106
186 106
140 106
124 106
106 42
14423 106
12892 106
12810 106
12421 106
10975 106
10572 106
10508 106
9990 106
9191 106
9096 106
9091 106
8914 106
8796 106
8464 106
8422 106
8107 106
8099 106
7243 106
6946 106
6944 106
6837 106
6603 106
6460 106
6010 106
5514 106
5426 106
5419 106
4962 106
4928 106
4768 106
4609 106
4498 106
3351 106
3182 106
2939 106
2617 106
2251 106
1551 106
1165 106
1105 106
721 106
675 106
452 106
332 106
324 106
288 106
183 106
106 36
15821 106
15572 106
15443 106
15340 106
14579 106
14512 106
14054 106
14024 106
13897 106
13890 106
12317 106
10699 106
9977 106
9687 106
8070 106
7605 106
7439 106
7220 106
6930 106
6741 106
6667 106
6330 106
5955 106
5484 106
5383 106
5306 106
4654 106
4550 106
3238 106
2964 106
2934 106
2717 106
2035 106
2008 106
1997 106
1881 106
1467 106
1116 106
710 106
336 106
15698 106
15626 106
15575 106
15565 106
13017 106
10530 106
9337 106
7779 106
6581 106
6075 106
5677 106
4395 106
3963 106
3810 106
2024 106
581 106
241 106
2188 1255
1255 444
1255 396
1255 349
1255 321
1255 240
1255 63
9101 1255
5204 1255
3282 1255
2837 1255
2405 1255
2257 1255
1255 61
3931 1255
3218 1255
2278 1255
1992 1255
1783 1255
1674 1255
1280 1255
1255 1159
1255 436
1255 430
1255 307
1255 276
1255 112
11051 1255
8202 1255
7300 1255
6042 1255
5057 1255
4405 1255
4342 1255
3178 1255
2924 1255
2471 1255
2267 1255
2217 1255
2176 1255
2103 1255
1255 1176
1255 1074
1255 1067
1255 920
1255 697
1255 615
1255 614
1255 327
1255 232
1255 186
1255 42
9626 1255
8796 1255
6929 1255
4768 1255
4430 1255
3634 1255
3182 1255
2939 1255
2251 1255
1255 721
1255 452
1255 324
1255 288
14279 1255
10416 1255
9668 1255
9250 1255
6667 1255
6167 1255
5955 1255
4445 1255
1255 911
1255 631
14158 1255
13017 1255
9482 1255
5064 1255
3909 1255
3087 1255
1255 581
1255 678
2188 444
2188 396
444 396
444 349
396 349
444 321
396 321
2188 321
349 321
444 240
396 240
321 240
2188 240
349 240
444 212
396 212
321 212
240 212
2188 212
444 63
396 63
321 63
240 63
2188 63
212 63
349 63
9101 444
5204 444
4386 444
3624 444
2837 444
2405 444
2257 444
444 105
444 62
444 61
3931 444
3647 444
3508 444
3218 444
2909 444
2278 444
1992 444
1783 444
1738 444
1674 444
1280 444
1159 444
947 444
876 444
444 436
444 430
444 208
444 131
444 120
444 112
9065 444
7300 444
6069 444
4631 444
4405 444
3926 444
3399 444
2996 444
2924 444
2471 444
2244 444
2217 444
1854 444
1768 444
1682 444
1176 444
1074 444
647 444
619 444
614 444
603 444
588 444
444 327
444 317
444 186
444 42
444 17
12414 444
8796 444
8296 444
6814 444
6567 444
6535 444
6169 444
4833 444
4430 444
4272 444
4258 444
4135 444
3634 444
2839 444
2818 444
2683 444
2251 444
1880 444
1616 444
1570 444
1117 444
721 444
444 288
444 140
444 124
14279 444
9091 444
8464 444
7243 444
7185 444
6837 444
5514 444
5426 444
5136 444
4928 444
4609 444
4498 444
3819 444
3176 444
2333 444
1788 444
1238 444
964 444
821 444
444 442
444 332
15572 444
14512 444
13890 444
13017 444
9086 444
7979 444
7426 444
4924 444
4550 444
4318 444
2717 444
2566 444
2335 444
2129 444
2008 444
1881 444
1536 444
1443 444
1139 444
581 444
476 444
444 221
444 76
11125 444
9898 444
9276 444
9219 444
9203 444
7346 444
6151 444
5020 444
2136 444
851 444
678 444
444 374
444 274
21340 444
13363 444
8783 444
6796 444
444 81
5204 396
4386 396
3624 396
2837 396
2405 396
2257 396
396 105
396 62
396 61
3931 396
3647 396
3508 396
3218 396
2909 396
1992 396
1674 396
1159 396
947 396
876 396
436 396
396 208
396 131
396 120
7153 396
6069 396
4631 396
4405 396
2924 396
2471 396
2217 396
2159 396
1074 396
619 396
614 396
588 396
396 307
396 276
396 186
396 42
8296 396
8202 396
7028 396
6814 396
5057 396
4833 396
4634 396
4430 396
4342 396
4258 396
3634 396
3178 396
2839 396
2686 396
2267 396
2251 396
2176 396
1880 396
1869 396
1616 396
1570 396
1117 396
1067 396
941 396
920 396
721 396
396 288
396 232
396 148
396 140
9796 396
9626 396
9206 396
9091 396
8717 396
8464 396
7185 396
7122 396
6852 396
6747 396
6156 396
5779 396
5436 396
5426 396
4609 396
3819 396
3375 396
3235 396
2939 396
2333 396
2316 396
2148 396
1238 396
964 396
821 396
442 396
396 324
14512 396
12976 396
10975 396
10416 396
9668 396
9250 396
9086 396
8099 396
7979 396
7976 396
6667 396
6603 396
6460 396
5955 396
5892 396
5419 396
4962 396
4924 396
4890 396
4550 396
2464 396
2335 396
2021 396
2008 396
1959 396
1881 396
1536 396
1143 396
1139 396
1105 396
631 396
581 396
396 221
396 183
396 127
396 36
14024 396
11125 396
10699 396
9482 396
9368 396
9340 396
9221 396
9219 396
8646 396
7346 396
6818 396
6657 396
6330 396
6151 396
5383 396
5306 396
5064 396
4265 396
2136 396
1997 396
710 396
396 374
396 274
16958 396
14457 396
14117 396
12870 396
12838 396
10733 396
10593 396
10530 396
10239 396
10228 396
9788 396
9254 396
6796 396
6581 396
6136 396
5613 396
5090 396
5070 396
4953 396
4401 396
4395 396
4344 396
3892 396
1098 396
864 396
21350 396
15000 396
10851 396
10362 396
10205 396
9173 396
5270 396
3788 396
2374 396
5204 321
4386 321
3624 321
2837 321
2405 321
2257 321
321 105
321 62
321 61
9101 321
3931 321
3647 321
3508 321
3218 321
2909 321
1992 321
1674 321
1159 321
947 321
876 321
436 321
321 208
321 131
321 120
7153 321
6069 321
4631 321
4405 321
3282 321
2924 321
2278 321
2217 321
1783 321
1738 321
1280 321
619 321
614 321
588 321
430 321
321 307
321 276
321 186
321 42
8296 321
7028 321
6814 321
4833 321
4634 321
4342 321
4258 321
3926 321
3634 321
3399 321
2996 321
2267 321
2251 321
2176 321
1869 321
1854 321
1682 321
1616 321
1570 321
1176 321
1117 321
1067 321
941 321
920 321
721 321
647 321
603 321
327 321
321 317
321 288
321 232
321 148
321 140
321 17
12414 321
9796 321
9626 321
9206 321
8717 321
7185 321
6747 321
6567 321
6535 321
6169 321
5436 321
5426 321
4609 321
3819 321
3375 321
3235 321
2939 321
2683 321
2333 321
2316 321
2148 321
2121 321
2103 321
1575 321
964 321
821 321
615 321
442 321
324 321
321 124
12976 321
10416 321
9668 321
9250 321
9086 321
8099 321
7979 321
7976 321
6929 321
6837 321
6603 321
6460 321
6446 321
5955 321
5892 321
5419 321
5136 321
5050 321
4962 321
4890 321
4498 321
3182 321
2383 321
2021 321
2008 321
1788 321
1536 321
1143 321
1139 321
1105 321
631 321
581 321
566 321
452 321
332 321
321 221
321 183
321 127
14024 321
13017 321
12810 321
9990 321
9482 321
9221 321
9219 321
8914 321
8107 321
6946 321
6818 321
6657 321
6330 321
6167 321
6151 321
5989 321
5306 321
5064 321
4445 321
4318 321
4265 321
4178 321
3351 321
2717 321
2599 321
2286 321
2129 321
1997 321
1165 321
710 321
374 321
321 274
321 76
16958 321
15340 321
13897 321
12838 321
9898 321
9687 321
7605 321
7439 321
7223 321
7220 321
6930 321
6796 321
6741 321
6136 321
5225 321
5070 321
4953 321
4836 321
4654 321
4401 321
4257 321
3935 321
3909 321
3892 321
3164 321
3087 321
3028 321
1482 321
1098 321
678 321
565 321
17218 321
16963 321
16440 321
15565 321
15000 321
13363 321
9749 321
9173 321
6824 321
4168 321
3963 321
3788 321
13684 321
12304 321
10339 321
9226 321
3872 321
791 321
5204 240
3624 240
2405 240
2257 240
240 105
240 61
3931 240
3218 240
2909 240
1992 240
1159 240
436 240
240 208
240 131
7153 240
4631 240
2924 240
2217 240
1783 240
1280 240
614 240
430 240
240 42
4342 240
4258 240
3926 240
3399 240
2996 240
2251 240
1682 240
1616 240
1176 240
1074 240
1067 240
941 240
920 240
647 240
327 240
317 240
288 240
240 232
240 148
240 140
240 112
240 17
7300 240
7185 240
5057 240
4430 240
3178 240
2939 240
2686 240
2683 240
2316 240
2148 240
821 240
615 240
324 240
7979 240
7122 240
6156 240
5779 240
5419 240
4962 240
4272 240
3182 240
2818 240
2021 240
2008 240
1143 240
697 240
581 240
452 240
332 240
240 221
13017 240
10975 240
9990 240
9219 240
7212 240
6167 240
5064 240
4768 240
3188 240
2146 240
1959 240
1662 240
1165 240
240 36
9898 240
9191 240
7346 240
6944 240
5743 240
5383 240
4953 240
3892 240
3087 240
14875 240
14054 240
9977 240
8433 240
7205 240
4344 240
2035 240
15698 240
7779 240
19935 240
15271 240
5204 63
3624 63
2257 63
105 63
63 61
4386 63
3218 63
2909 63
2837 63
1992 63
1159 63
436 63
208 63
131 63
63 62
9101 63
7153 63
4631 63
3647 63
3508 63
2924 63
2217 63
1783 63
1674 63
947 63
876 63
614 63
430 63
120 63
63 42
4342 63
3399 63
2996 63
2251 63
1738 63
1682 63
1616 63
1176 63
941 63
920 63
647 63
619 63
588 63
317 63
307 63
288 63
232 63
148 63
140 63
63 17
7300 63
7185 63
7028 63
5057 63
4430 63
3178 63
2939 63
2686 63
2683 63
2316 63
2148 63
1869 63
1854 63
1570 63
1117 63
615 63
603 63
324 63
12414 63
9206 63
8717 63
7979 63
6567 63
6169 63
6156 63
5779 63
5436 63
5426 63
5419 63
4272 63
3819 63
3375 63
2818 63
2333 63
2244 63
2121 63
2008 63
1880 63
1768 63
1575 63
1143 63
964 63
581 63
452 63
442 63
332 63
124 63
11051 63
9990 63
9091 63
8099 63
6852 63
6603 63
6446 63
5892 63
5050 63
4498 63
4135 63
2383 63
1788 63
1238 63
1165 63
1139 63
566 63
127 63
63 36
11174 63
9898 63
6657 63
6330 63
5989 63
5743 63
5306 63
4928 63
4924 63
4550 63
4318 63
3892 63
3642 63
3087 63
2599 63
2375 63
2335 63
2286 63
12421 63
10699 63
10508 63
9368 63
8646 63
8422 63
7223 63
7220 63
6930 63
5225 63
4836 63
3028 63
2617 63
2566 63
1585 63
1482 63
911 63
678 63
675 63
476 63
263 63
12620 63
12317 63
10239 63
10228 63
9276 63
9254 63
9173 63
6824 63
5852 63
3238 63
2964 63
2934 63
2093 63
1467 63
1116 63
864 63
12582 63
12304 63
11577 63
11180 63
7386 63
5270 63
791 63
81 63
12503 63
11976 63
11371 63
8580 63
6514 63
2257 2188
2257 212
2257 349
5204 2257
2257 61
4386 2257
3218 2257
2405 2257
2257 1992
2257 436
2257 208
9101 2257
3931 2257
3647 2257
2257 2217
2257 1783
2257 614
2257 430
2257 120
4342 2257
2257 1738
2257 1682
2257 619
2257 288
2257 140
4405 2257
2939 2257
2683 2257
2257 1117
2257 324
2257 112
7979 2257
6156 2257
4272 2257
3819 2257
3634 2257
2471 2257
2267 2257
2257 2176
2257 821
2257 721
2257 581
2257 452
2257 442
11051 2257
9626 2257
8202 2257
8099 2257
6603 2257
4609 2257
3182 2257
2383 2257
2257 221
2257 127
2257 36
12976 2257
10416 2257
9668 2257
9250 2257
9219 2257
8464 2257
6929 2257
6837 2257
6657 2257
6330 2257
5955 2257
5136 2257
5064 2257
4924 2257
3087 2257
2257 1536
2257 1105
2257 631
2257 183
8646 2257
8422 2257
7220 2257
6944 2257
6930 2257
4953 2257
4836 2257
4265 2257
2257 911
2257 710
2257 678
2257 274
12838 2257
10572 2257
9340 2257
9254 2257
9173 2257
8433 2257
6824 2257
4654 2257
2257 864
12899 2257
10733 2257
10530 2257
9203 2257
5484 2257
5270 2257
15575 2257
13035 2257
10205 2257
7480 2257
2374 2257
2257 2024
10955 2257
2188 61
212 61
349 61
5204 61
4386 61
3624 61
3218 61
2405 61
1992 61
436 61
208 61
105 61
9101 61
3931 61
2909 61
2837 61
2217 61
1783 61
1159 61
614 61
430 61
120 61
62 61
7153 61
4631 61
4342 61
1738 61
1682 61
1674 61
947 61
876 61
619 61
288 61
140 61
4405 61
3399 61
2939 61
2683 61
2251 61
1280 61
1117 61
941 61
920 61
588 61
324 61
307 61
232 61
148 61
112 61
61 17
7300 61
7185 61
7028 61
6156 61
6069 61
4430 61
4258 61
3926 61
3819 61
3634 61
3282 61
2316 61
2176 61
1570 61
1074 61
1067 61
821 61
721 61
615 61
581 61
442 61
327 61
186 61
9626 61
8099 61
6603 61
6169 61
5436 61
5426 61
5419 61
4634 61
3375 61
3182 61
2383 61
2244 61
2121 61
1768 61
964 61
221 61
127 61
124 61
10416 61
9990 61
9796 61
9668 61
9250 61
9219 61
8464 61
6929 61
6852 61
6747 61
6535 61
6446 61
5955 61
5892 61
4962 61
4498 61
4135 61
3235 61
3087 61
2839 61
1238 61
1139 61
697 61
631 61
566 61
183 61
10975 61
9898 61
8796 61
8646 61
6944 61
5306 61
4953 61
4928 61
4890 61
4550 61
3892 61
3642 61
2335 61
2286 61
911 61
710 61
678 61
274 61
10699 61
10572 61
10508 61
9482 61
9368 61
9340 61
9254 61
9221 61
9173 61
8914 61
8606 61
8107 61
7346 61
7243 61
6824 61
6667 61
6151 61
5514 61
4445 61
2717 61
2566 61
1881 61
864 61
476 61
10733 61
10530 61
10239 61
10228 61
9977 61
9687 61
9203 61
6796 61
6741 61
6136 61
5852 61
5484 61
5270 61
5070 61
2035 61
1098 61
10593 61
10205 61
9788 61
9749 61
8070 61
6581 61
4395 61
2374 61
10851 61
10804 61
10599 61
10558 61
10362 61
10339 61
10201 61
9226 61
10938 61
10891 61
10670 61
10178 61
9758 61
9431 61
2188 1992
2188 436
2188 208
3931 2188
2909 2188
2837 2188
2188 1783
2188 1159
2188 430
2188 120
2188 62
7153 2188
2188 619
2188 131
4405 2188
3508 2188
3399 2188
2683 2188
2188 1280
2188 1117
2188 941
2188 588
2188 324
2188 232
2188 148
2188 42
7300 2188
7185 2188
6156 2188
6069 2188
3819 2188
2316 2188
2188 1616
2188 1074
2188 615
2188 581
2188 442
5419 2188
3182 2188
3178 2188
2686 2188
2383 2188
2188 2148
2188 1869
2188 1768
2188 452
2188 276
2188 127
12414 2188
9990 2188
9219 2188
9206 2188
8296 2188
6567 2188
5955 2188
5779 2188
4609 2188
2333 2188
2188 36
12976 2188
8796 2188
6944 2188
2188 1788
2188 1165
2188 1105
10572 2188
8606 2188
6460 2188
4318 2188
3188 2188
2717 2188
2599 2188
2188 1959
2188 1881
2188 864
6946 2188
5383 2188
5225 2188
2188 2129
2188 2035
2188 1997
2188 1585
2188 1098
2188 675
2188 76
17424 2188
15271 2188
6075 2188
5178 2188
1992 212
436 212
3624 212
3218 212
2909 212
2837 212
2405 212
430 212
212 120
212 105
7153 212
2217 212
619 212
4631 212
4405 212
4342 212
3508 212
3399 212
1674 212
1280 212
947 212
324 212
288 212
232 212
212 148
212 140
212 42
7300 212
6156 212
2924 212
2316 212
2251 212
1616 212
1074 212
615 212
212 112
212 17
5419 212
4258 212
3926 212
3282 212
3182 212
3178 212
2148 212
1869 212
1176 212
1067 212
721 212
327 212
212 127
9626 212
9206 212
8296 212
8099 212
6169 212
5955 212
5779 212
5426 212
4609 212
4272 212
2278 212
2267 212
2244 212
2121 212
212 36
11051 212
9796 212
9668 212
8717 212
8464 212
6944 212
6929 212
6446 212
3235 212
2839 212
2818 212
1788 212
697 212
631 212
566 212
10572 212
8803 212
8606 212
6837 212
6460 212
6330 212
5306 212
4953 212
4928 212
3892 212
2717 212
1959 212
1881 212
1536 212
911 212
678 212
274 212
10699 212
9368 212
9340 212
9221 212
8914 212
7243 212
7212 212
6946 212
6930 212
6824 212
6186 212
6167 212
6042 212
5514 212
5383 212
2129 212
2035 212
1662 212
1585 212
675 212
212 76
10733 212
9687 212
7223 212
6741 212
5484 212
3351 212
2617 212
14423 212
13890 212
9749 212
7605 212
7439 212
6581 212
6010 212
3935 212
3238 212
2964 212
1467 212
1116 212
14579 212
12870 212
11577 212
10558 212
9226 212
8431 212
6075 212
21514 212
14740 212
9431 212
1172 212
4273 212
1992 436
1992 349
436 349
5204 1992
3624 1992
2405 1992
1992 208
1992 120
1992 105
7153 1992
3931 1992
2217 1992
1992 619
1992 62
4405 1992
3508 1992
3399 1992
1992 1674
1992 1280
1992 947
1992 324
1992 288
1992 232
1992 148
1992 140
3647 1992
2251 1992
1992 1616
1992 1074
1992 941
1992 615
1992 112
7185 1992
6069 1992
4258 1992
3819 1992
3282 1992
3182 1992
2148 1992
1992 1176
1992 920
1992 721
1992 127
9626 1992
5779 1992
4609 1992
2383 1992
2278 1992
2244 1992
2176 1992
1992 1768
1992 1570
1992 821
1992 647
1992 452
1992 276
1992 36
9796 1992
5057 1992
4634 1992
2839 1992
1992 1788
1992 221
9250 1992
8796 1992
5892 1992
4928 1992
4498 1992
3087 1992
2717 1992
10699 1992
8914 1992
8646 1992
7243 1992
6930 1992
6824 1992
6167 1992
4924 1992
2129 1992
1992 76
13017 1992
9482 1992
7976 1992
7220 1992
6741 1992
1992 1098
1992 476
14512 1992
14024 1992
9977 1992
5070 1992
14579 1992
16440 1992
12734 1992
7779 1992
7480 1992
5204 436
3624 436
2405 436
436 208
436 120
436 105
7153 436
3931 436
3218 436
2909 436
2837 436
2217 436
619 436
436 430
436 62
4405 436
4386 436
3399 436
1783 436
1674 436
1280 436
1159 436
947 436
436 324
436 288
436 232
436 148
9101 436
4631 436
4342 436
3647 436
1616 436
1074 436
941 436
615 436
614 436
436 131
436 112
7300 436
7185 436
6069 436
4258 436
3819 436
3282 436
3182 436
2683 436
2316 436
1738 436
1176 436
1117 436
920 436
876 436
721 436
588 436
436 127
5779 436
5419 436
4609 436
3926 436
3178 436
2939 436
2383 436
2176 436
1869 436
1570 436
1067 436
821 436
647 436
581 436
452 436
442 436
436 327
436 307
436 276
9796 436
8296 436
7028 436
5955 436
5426 436
4634 436
4430 436
3634 436
2839 436
1788 436
436 317
436 186
11051 436
9668 436
9250 436
9219 436
7979 436
6944 436
6929 436
6603 436
6567 436
6446 436
5892 436
5436 436
4928 436
4498 436
3235 436
3087 436
2818 436
2717 436
2471 436
2333 436
603 436
12976 436
10699 436
10416 436
8803 436
8606 436
8202 436
7243 436
6852 436
6824 436
6814 436
6747 436
6535 436
6330 436
6167 436
5306 436
4962 436
4953 436
4924 436
4833 436
3892 436
2129 436
1881 436
1880 436
1575 436
1536 436
1238 436
1143 436
1105 436
911 436
678 436
436 274
436 183
436 76
13017 436
9482 436
9368 436
9221 436
6946 436
6741 436
6657 436
6186 436
5514 436
5136 436
5064 436
4890 436
4550 436
4318 436
2599 436
2286 436
2035 436
1662 436
1098 436
864 436
710 436
476 436
14024 436
11174 436
9977 436
9254 436
9173 436
8422 436
8107 436
6667 436
6151 436
4836 436
4265 436
12838 436
10530 436
10228 436
7439 436
6818 436
6796 436
6136 436
6010 436
5270 436
4654 436
2464 436
1116 436
436 374
15340 436
14054 436
12870 436
12317 436
11125 436
9226 436
8070 436
7779 436
6075 436
4395 436
2934 436
2136 436
2093 436
1551 436
15000 436
14740 436
11180 436
9431 436
5480 436
3788 436
851 436
835 436
21340 436
16011 436
13190 436
10670 436
4273 436
436 241
349 120
349 105
7153 349
3218 349
2909 349
619 349
430 349
349 62
4405 349
4386 349
3399 349
1674 349
1280 349
349 324
349 148
3647 349
1616 349
1074 349
615 349
349 131
7300 349
7185 349
4258 349
3282 349
2316 349
2251 349
1738 349
1176 349
920 349
876 349
721 349
5419 349
3178 349
2924 349
2148 349
1869 349
821 349
452 349
442 349
349 17
9626 349
5955 349
4634 349
3634 349
2839 349
2244 349
1768 349
349 36
9219 349
6567 349
6446 349
5057 349
4272 349
2717 349
2333 349
2121 349
12414 349
9990 349
8803 349
8796 349
6814 349
6330 349
5306 349
2129 349
1881 349
1143 349
964 349
911 349
697 349
566 349
13017 349
9482 349
6930 349
6186 349
5136 349
10975 349
9977 349
9340 349
9065 349
7212 349
7122 349
6042 349
2021 349
675 349
6818 349
5743 349
5225 349
2375 349
2146 349
1997 349
13890 349
12810 349
12317 349
9191 349
6075 349
14740 349
12899 349
9276 349
3164 349
13363 349
1172 349
349 241
15626 349
120 105
3218 120
2909 120
2405 120
619 120
430 120
208 120
4405 120
4386 120
3399 120
2837 120
2217 120
1674 120
1280 120
324 120
148 120
1159 120
1074 120
947 120
615 120
232 120
9101 120
4342 120
3282 120
2251 120
1738 120
1176 120
941 120
920 120
721 120
614 120
120 112
5419 120
3819 120
3182 120
3178 120
2924 120
2683 120
127 120
120 42
9626 120
5955 120
5779 120
4634 120
4609 120
3634 120
2383 120
2176 120
1067 120
647 120
307 120
120 36
7028 120
5426 120
2717 120
12414 120
9668 120
9206 120
6944 120
6929 120
6169 120
5892 120
5436 120
3087 120
911 120
10416 120
6824 120
4953 120
1536 120
678 120
631 120
274 120
9340 120
8914 120
6837 120
6042 120
2159 120
2035 120
864 120
710 120
675 120
9091 120
6667 120
2146 120
9687 120
7223 120
2617 120
2566 120
14054 120
12899 120
9749 120
9226 120
6581 120
2934 120
643 120
16440 120
9431 120
7480 120
15698 120
14158 120
10362 120
10201 120
4273 120
336 120
9148 120
3218 105
619 105
430 105
208 105
7153 105
3624 105
2837 105
2217 105
1280 105
148 105
1074 105
615 105
232 105
2251 105
1783 105
1176 105
614 105
131 105
112 105
7300 105
7185 105
5419 105
4631 105
3178 105
2683 105
2316 105
105 42
6069 105
5779 105
4634 105
2148 105
1869 105
105 36
3926 105
2939 105
9219 105
9206 105
8296 105
6169 105
5892 105
3087 105
911 105
8796 105
6824 105
2818 105
2129 105
8606 105
8464 105
7243 105
6747 105
6042 105
4962 105
4924 105
2159 105
2035 105
1105 105
675 105
9091 105
1662 105
332 105
6075 105
4768 105
4654 105
9431 105
9276 105
7605 105
2964 105
1551 105
1482 105
1467 105
336 105
15271 105
10891 105
8580 105
3810 105
3218 430
430 208
3624 430
2837 430
2405 430
1280 430
4405 430
4386 430
1074 430
615 430
430 324
430 232
3931 430
2251 430
1783 430
1176 430
1159 430
947 430
614 430
430 112
9101 430
7300 430
7185 430
4631 430
3647 430
3282 430
3178 430
2683 430
1738 430
1616 430
941 430
430 288
430 42
4258 430
3819 430
2924 430
430 127
3926 430
2383 430
2176 430
1117 430
1067 430
821 430
588 430
430 307
7028 430
5892 430
5426 430
2839 430
1768 430
1570 430
581 430
430 327
6929 430
5057 430
4430 430
2333 430
2278 430
1788 430
430 317
11051 430
6814 430
6603 430
5306 430
4962 430
4924 430
4498 430
2996 430
2035 430
1143 430
631 430
566 430
10699 430
9482 430
8202 430
6167 430
1575 430
9368 430
6460 430
4890 430
4550 430
2286 430
1098 430
476 430
6151 430
5050 430
3642 430
1585 430
13890 430
4445 430
2934 430
1467 430
15340 430
3164 430
8580 430
3942 430
5677 430
3872 430
3624 3218
3218 2837
3218 2405
3218 1280
7153 3218
4405 3218
3218 2217
3218 1074
3218 615
3218 324
3218 2251
3218 1159
3218 947
3218 62
9101 3218
3282 3218
3218 941
3218 42
3819 3218
3218 721
4634 3218
3218 3182
3218 2383
3218 2148
3218 307
3218 140
7028 3218
5955 3218
5892 3218
3634 3218
3218 2839
3218 1570
3218 581
3218 442
3218 327
5057 3218
3218 276
8796 3218
6814 3218
6446 3218
5306 3218
4498 3218
10416 3218
8464 3218
8202 3218
8099 3218
6747 3218
3218 2267
3218 1536
3218 964
12976 3218
6186 3218
4890 3218
4833 3218
3218 1098
3218 332
3218 124
10975 3218
8646 3218
3218 1959
6818 3218
7346 3218
6010 3218
3218 643
14740 3218
14423 3218
3218 263
11180 3218
10339 3218
11976 3218
6514 3218
21075 3218
3624 2405
3624 1280
2405 1280
2405 208
1280 208
7153 2405
4405 2405
2405 2217
2405 619
2405 615
2405 324
2405 232
2405 148
9101 2405
3282 2405
2405 1674
2405 1176
2405 614
2405 112
4631 2405
3819 2405
3178 2405
2405 1738
2405 721
2405 131
5419 2405
4258 2405
3182 2405
2405 920
2405 127
5955 2405
2405 2176
2405 1067
2405 36
5426 2405
2939 2405
2405 1768
2405 647
2405 276
2405 17
9219 2405
8796 2405
6929 2405
6446 2405
6156 2405
4498 2405
4430 2405
3087 2405
12414 2405
10416 2405
9796 2405
9668 2405
8202 2405
6944 2405
4962 2405
2405 2267
2405 2121
2405 2035
8606 2405
7243 2405
2405 697
2405 678
2405 274
9091 2405
2405 710
2405 183
6818 2405
6741 2405
5064 2405
5383 2405
5225 2405
10508 2405
2405 1551
10239 2405
13897 2405
10201 2405
15821 2405
3872 2405
7153 1280
4405 1280
2217 1280
1280 619
1280 615
1280 232
1674 1280
1280 947
1280 614
1280 112
1280 62
4631 1280
3931 1280
3819 1280
3178 1280
1783 1280
1738 1280
1280 941
1280 42
7300 1280
7185 1280
3647 1280
1280 127
5955 1280
4634 1280
2383 1280
2316 1280
2176 1280
1280 1067
1280 307
6069 1280
5779 1280
3926 1280
2839 1280
1280 1117
1280 821
1280 588
1280 442
1280 327
4498 1280
4430 1280
6169 1280
2333 1280
2035 1280
1788 1280
1682 1280
1280 911
1280 317
11051 1280
7243 1280
6747 1280
6603 1280
6567 1280
1280 566
1280 274
1280 186
12976 1280
10699 1280
9482 1280
8803 1280
7979 1280
6167 1280
4953 1280
1575 1280
1280 221
10975 1280
6818 1280
5136 1280
2286 1280
1280 1238
1280 76
9221 1280
6946 1280
6667 1280
6657 1280
4318 1280
2146 1280
1585 1280
14024 1280
8107 1280
2566 1280
1997 1280
14054 1280
12838 1280
10530 1280
10228 1280
5270 1280
1280 1116
8433 1280
7779 1280
2093 1280
12734 1280
10339 1280
8985 1280
6514 1280
1280 81
6957 1280
2521 1280
1280 1156
5406 1280
7153 3624
3624 2217
3624 619
3624 615
3624 324
3624 232
3624 1074
3624 947
3624 148
9101 3624
3624 3399
3624 721
3624 131
5955 3624
5419 3624
4258 3624
3624 3182
3624 1067
6069 3624
3624 36
7028 3624
5426 3624
3634 3624
9219 3624
8796 3624
4609 3624
3624 2035
3624 1788
9668 3624
6603 3624
9482 3624
8464 3624
5436 3624
4924 3624
3624 964
3624 678
3624 221
10975 3624
3624 1881
3624 710
13017 3624
6946 3624
3624 2008
5743 3624
3624 374
15000 3624
10205 3624
4273 3624
3624 2374
7153 2217
2217 619
2217 615
2217 208
4405 2217
2217 324
2217 232
2217 148
9101 2217
2217 1674
3178 2217
2217 1159
5204 2217
4258 2217
2217 1067
2217 127
6069 2217
2217 2176
2217 920
2217 36
4342 2217
3634 2217
2839 2217
2217 140
9219 2217
4609 2217
2939 2217
2217 647
2217 581
2217 17
6603 2217
5057 2217
3087 2217
10416 2217
7243 2217
6944 2217
6747 2217
4924 2217
2217 2121
2217 221
12976 2217
10975 2217
6824 2217
6167 2217
2217 1881
2217 1575
2217 1536
13017 2217
9990 2217
6042 2217
5136 2217
3235 2217
2217 124
9340 2217
6837 2217
5064 2217
3892 2217
2217 2008
10572 2217
9977 2217
5383 2217
2599 2217
2217 2021
2217 1997
9687 2217
7346 2217
4768 2217
3188 2217
2617 2217
2217 374
12899 2217
9203 2217
4344 2217
10891 2217
619 615
615 208
4405 615
615 232
4405 619
619 232
619 324
4405 232
232 208
7153 232
324 232
7153 208
324 208
7153 324
232 148
1674 232
1074 232
947 232
1159 232
614 232
232 62
5204 232
4386 232
3931 232
3819 232
2909 232
2251 232
1783 232
1738 232
1176 232
1067 232
941 232
721 232
232 131
232 127
232 42
7185 232
5419 232
3647 232
2176 232
920 232
4342 232
2839 232
2383 232
2316 232
307 232
7028 232
5779 232
5426 232
4609 232
3926 232
2939 232
1117 232
821 232
581 232
8796 232
5892 232
5057 232
4498 232
1768 232
276 232
9668 232
7243 232
4924 232
2333 232
911 232
317 232
12976 232
9206 232
8296 232
8202 232
6167 232
1881 232
566 232
232 186
8099 232
3235 232
2996 232
2818 232
232 124
6330 232
4890 232
3892 232
2686 232
2471 232
2286 232
1105 232
1098 232
332 232
232 183
232 76
6741 232
6460 232
4318 232
3375 232
1959 232
5743 232
5050 232
8422 232
7220 232
10239 232
7779 232
10891 232
5480 232
3788 232
1443 232
5677 232
19935 232
208 148
1674 619
947 619
9101 619
5204 619
3819 619
3178 619
1067 619
941 619
619 131
619 127
7185 619
5419 619
3399 619
2176 619
5955 619
4342 619
2383 619
619 36
3926 619
3634 619
1117 619
821 619
619 581
619 140
8796 619
5892 619
647 619
619 588
619 442
619 276
7243 619
6603 619
3508 619
1788 619
1570 619
911 619
6944 619
6929 619
1881 619
619 566
619 186
8099 619
2278 619
2267 619
619 274
6042 619
4953 619
4890 619
3892 619
1105 619
1098 619
619 183
619 76
9340 619
6741 619
3375 619
1238 619
6535 619
4550 619
1880 619
1585 619
864 619
2566 619
7779 619
2375 619
1116 619
14512 619
9749 619
4273 619
4257 619
1674 615
947 615
9101 615
1074 615
5204 615
3819 615
2837 615
1159 615
941 615
615 614
615 131
615 127
7185 615
5419 615
3931 615
3399 615
2909 615
2251 615
2176 615
1783 615
1738 615
1176 615
721 615
615 42
5955 615
4342 615
3282 615
2383 615
615 36
7300 615
3926 615
3634 615
2839 615
2316 615
1117 615
615 307
8796 615
5779 615
5426 615
4609 615
2939 615
2683 615
1616 615
647 615
615 442
615 288
615 276
7243 615
6603 615
3508 615
1788 615
1768 615
1570 615
911 615
6944 615
6929 615
4924 615
2035 615
1881 615
615 186
9206 615
8296 615
8202 615
6156 615
2278 615
2267 615
2121 615
615 274
9796 615
9482 615
6824 615
6814 615
4953 615
3892 615
3235 615
2996 615
2717 615
2244 615
1105 615
1098 615
678 615
615 183
615 76
8803 615
8606 615
7979 615
6741 615
3375 615
1143 615
631 615
9250 615
6946 615
6535 615
6460 615
2159 615
2008 615
1880 615
864 615
9221 615
8646 615
6930 615
6657 615
5050 615
2566 615
1854 615
14024 615
8107 615
7346 615
7220 615
2375 615
1116 615
13890 615
10239 615
9749 615
7223 615
4654 615
2103 615
9431 615
9086 615
7605 615
6581 615
5484 615
5070 615
2093 615
1482 615
615 263
16440 615
14579 615
12734 615
12421 615
4395 615
4344 615
3788 615
3238 615
1443 615
16958 615
14158 615
9788 615
8431 615
615 241
615 81
791 615
21341 615
7153 947
947 324
7153 1074
7153 5204
7153 3819
7153 2837
7153 614
7153 127
7153 3931
7153 3399
7153 3178
7153 1738
7153 42
7300 7153
7153 4631
7153 920
7153 140
7153 4924
7153 2148
7153 3087
7153 2267
7153 6446
7153 4953
7153 1098
7153 2818
7153 964
7153 6460
7153 6930
7153 675
10572 7153
9977 7153
9368 7153
7153 5383
7779 7153
7153 1139
9431 7153
7153 5070
12734 7153
14158 7153
12870 7153
8431 7153
7153 791
19935 7153
2837 208
614 208
208 127
3931 208
3178 208
208 131
7185 208
2909 208
2176 208
1783 208
1176 208
1067 208
721 208
5955 208
4342 208
3282 208
920 208
208 36
4258 208
3926 208
3647 208
8796 208
4609 208
3182 208
2939 208
1616 208
581 208
276 208
7243 208
6603 208
4924 208
3508 208
2148 208
1768 208
5057 208
4498 208
2924 208
2267 208
2035 208
327 208
9206 208
8296 208
8202 208
6446 208
2121 208
566 208
12976 208
9626 208
8099 208
3235 208
208 183
8803 208
5436 208
4962 208
13017 208
9340 208
6930 208
864 208
675 208
9977 208
6818 208
6657 208
5383 208
1959 208
8107 208
6852 208
5743 208
9749 208
7212 208
6151 208
2103 208
14512 208
6010 208
2934 208
1551 208
1482 208
14158 208
1443 208
13897 208
8070 208
7480 208
15575 208
1156 208
21341 208
10178 208
21286 208
6056 208
614 324
324 127
9101 324
5204 324
3931 324
3819 324
7185 324
3399 324
2909 324
2176 324
1738 324
1176 324
1159 324
721 324
3282 324
2251 324
324 62
324 36
7300 324
4258 324
3926 324
2383 324
2939 324
2316 324
1117 324
324 307
324 276
324 140
6603 324
6069 324
5779 324
3508 324
821 324
324 288
7028 324
5057 324
4634 324
4498 324
2035 324
1788 324
1570 324
327 324
9206 324
2121 324
566 324
324 186
8099 324
4953 324
2278 324
1098 324
324 183
9796 324
8803 324
6169 324
4962 324
452 324
324 221
324 76
11051 324
9340 324
6741 324
6042 324
5306 324
675 324
6946 324
6657 324
2471 324
2286 324
2159 324
2129 324
2008 324
1238 324
10572 324
8646 324
8107 324
6186 324
4550 324
6667 324
1139 324
476 324
13890 324
7122 324
5070 324
2934 324
1165 324
9173 324
4445 324
3788 324
3351 324
11180 324
15821 324
3872 324
7386 324
14193 324
11371 324
9148 324
4405 614
4405 127
9101 4405
5204 4405
4405 3819
4405 2837
4405 1074
4405 148
4405 3399
4405 3178
4405 1738
4405 1159
4405 131
4405 1067
4405 941
4405 36
5955 4405
5419 4405
4405 4342
4405 2939
4609 4405
4405 3634
4405 581
7028 4405
4405 2148
4405 2035
4405 1570
5892 4405
4405 2924
6944 4405
4405 3087
4405 1098
4405 183
12976 4405
9668 4405
9626 4405
4405 3235
4405 274
6824 4405
4405 3892
4405 678
7979 4405
6946 4405
4890 4405
4405 864
4405 631
9990 4405
9250 4405
4405 697
6852 4405
7346 4405
4405 2021
4405 1662
10239 4405
4405 1482
12317 4405
4405 4395
4405 4344
15575 4405
614 127
5204 614
2837 614
1074 614
3399 614
3178 614
1738 614
614 131
2176 614
1176 614
721 614
5955 614
4342 614
614 62
614 42
614 581
614 307
614 276
614 140
614 112
3182 614
2148 614
2035 614
5426 614
5057 614
1788 614
1768 614
3087 614
9219 614
3235 614
2278 614
6156 614
876 614
678 614
11051 614
10416 614
9340 614
6167 614
6042 614
5436 614
5306 614
2717 614
1105 614
675 614
1536 614
10572 614
9977 614
7346 614
6667 614
5050 614
1662 614
13890 614
7220 614
4445 614
12838 614
5484 614
4395 614
14423 614
12421 614
7480 614
7439 614
614 241
10178 614
2837 127
1074 127
9101 127
3178 127
1738 127
148 127
3931 127
2176 127
1176 127
7185 127
2909 127
1067 127
127 42
127 36
3282 127
2251 127
7300 127
2939 127
920 127
307 127
276 127
140 127
127 112
3182 127
2316 127
2035 127
8796 127
6603 127
6069 127
5779 127
5426 127
5057 127
288 127
7243 127
5892 127
4634 127
3087 127
647 127
2121 127
566 127
183 127
12976 127
9668 127
9626 127
6446 127
4953 127
678 127
11051 127
9340 127
8803 127
6824 127
6169 127
6167 127
5306 127
3892 127
2717 127
1105 127
675 127
6741 127
2244 127
1536 127
864 127
631 127
12414 127
9990 127
9250 127
8606 127
6930 127
6460 127
2129 127
1143 127
697 127
127 124
6852 127
5383 127
1662 127
7220 127
2566 127
5070 127
4445 127
2934 127
12838 127
6010 127
5514 127
5484 127
5225 127
4395 127
14158 127
12899 127
10530 127
1467 127
336 127
5677 127
5204 2837
2837 1738
2837 2176
2837 1176
2909 2837
2837 1159
4342 2837
3282 2837
2837 2251
2837 62
7300 2837
2837 140
2837 2383
5779 2837
4386 2837
3647 2837
3634 2837
2837 1117
2837 1768
2837 1570
4498 2837
2837 327
12976 2837
2837 186
8296 2837
2837 1881
6657 2837
9368 2837
9091 2837
4318 2837
3642 2837
3238 2837
1738 1074
9101 1738
3178 1738
1738 1176
1738 947
1738 148
1738 131
3282 1738
2251 1738
1738 1674
1738 42
1738 36
5419 1738
1738 920
5779 1738
4386 1738
4258 1738
3926 1738
3182 1738
2035 1738
1738 581
4609 1738
2148 1738
1768 1738
1738 1570
7243 1738
4634 1738
3508 1738
3087 1738
1738 1616
2683 1738
1738 566
9206 1738
8296 1738
6944 1738
6446 1738
2278 1738
8202 1738
6824 1738
6169 1738
6167 1738
5306 1738
1738 876
1738 274
6042 1738
1738 1536
1738 452
9250 1738
7979 1738
6930 1738
2129 1738
1738 697
9977 1738
5383 1738
3375 1738
2159 1738
1738 1662
1738 1575
6818 1738
6330 1738
6186 1738
5743 1738
12838 1738
5225 1738
2599 1738
1997 1738
9065 1738
2617 1738
14423 1738
12317 1738
7480 1738
9203 1738
9191 1738
3164 1738
4257 1738
12892 1738
10362 1738
8580 1738
5020 1738
1074 947
3178 947
9101 3178
5204 3178
9101 5204
3178 2176
3931 3178
3819 3178
3399 3178
3178 1674
3178 1159
3178 42
7185 3178
4342 3178
3178 1067
3178 721
3178 941
3178 140
3926 3178
3178 2939
3178 2383
3178 581
3647 3178
3634 3178
3178 1570
3178 1117
7243 3178
6603 3178
5426 3178
3508 3178
3178 3087
3178 1616
3178 288
7028 3178
5892 3178
3178 2839
3178 2683
3178 821
3178 647
3178 327
4924 3178
3178 442
3178 186
6824 3178
6169 3178
6167 3178
5306 3178
4953 3178
3178 1881
3178 1098
3178 911
3178 876
3178 588
8099 3178
6156 3178
3178 1105
9796 3178
9250 3178
7979 3178
6741 3178
3178 76
9990 3178
6657 3178
3178 1575
3178 124
13017 3178
6567 3178
3178 2471
3178 2286
3178 1238
8646 3178
6667 3178
6535 3178
4550 3178
3178 2566
6837 3178
5225 3178
5070 3178
5064 3178
4445 3178
3178 2934
3178 1997
3178 603
7779 3178
6151 3178
3178 2103
3178 1165
14158 3178
12899 3178
8422 3178
3788 3178
3872 3178
3178 3028
3178 2136
10558 3178
17218 3178
22881 3178
22233 3178
14258 3178
5204 2176
5204 148
5204 1159
5204 131
7185 5204
5204 4342
5204 1067
5204 36
5419 5204
5204 3926
5204 2939
5204 920
5204 4386
5204 4258
5204 2035
5204 1783
7243 5204
5204 2148
5204 5057
5204 647
12976 5204
8296 5204
6824 5204
6167 5204
5306 5204
9668 5204
9626 5204
6156 5204
5204 3235
9340 5204
7979 5204
5204 17
10416 5204
5204 4962
5204 2244
13017 5204
9977 5204
9482 5204
5204 2996
6852 5204
6535 5204
6186 5204
5204 2008
8107 5204
5743 5204
5204 4445
5204 1959
5204 2599
5204 2021
5204 3642
5204 4768
5204 3188
9898 5204
9191 5204
5270 5204
5204 4344
5204 2093
5204 4257
11577 5204
1159 1074
7185 1074
4342 1074
3931 1074
3819 1074
3399 1074
1074 1067
5419 1074
1074 941
1074 140
1074 62
5955 1074
2035 1074
1783 1074
1074 581
7243 1074
5779 1074
3647 1074
1570 1074
1117 1074
1074 307
4609 1074
3508 1074
2316 1074
1768 1074
1074 288
8796 1074
5892 1074
4634 1074
2683 1074
4924 1074
1788 1074
9206 1074
6944 1074
6446 1074
6169 1074
1881 1074
1098 1074
1074 876
1074 588
7979 1074
1074 274
6741 1074
1074 76
9990 1074
4430 1074
1074 317
12414 1074
8606 1074
6946 1074
6460 1074
1238 1074
1074 964
8646 1074
8107 1074
6330 1074
4550 1074
2566 1074
4272 1074
1074 332
1139 1074
14024 1074
9065 1074
8717 1074
5514 1074
1116 1074
9173 1074
10228 1074
9254 1074
2335 1074
1443 1074
9276 1074
1074 241
16958 1074
13363 1074
21341 1074
16011 1074
2521 1074
3557 1074
9101 4342
9101 1674
9101 5419
9101 721
9101 62
9101 920
9101 581
9101 4386
9101 4258
9101 4609
9101 3634
9101 5057
9101 3087
9101 2683
9101 6069
9101 4631
9101 6824
9101 876
9101 2924
9101 911
9101 8202
9101 678
9101 2717
9101 1536
13017 9101
9977 9101
9101 631
9101 6330
9101 2471
9101 1143
9101 8464
9101 4272
14024 9101
9101 1585
9101 2335
9203 9101
10733 9101
9101 4273
15572 9101
9101 2521
9101 3963
3931 947
3399 947
947 131
5419 947
947 62
947 42
947 36
3282 947
947 941
5955 947
4258 947
3926 947
1783 947
7300 947
5779 947
4609 947
1570 947
1117 947
947 307
2148 947
1768 947
8796 947
6824 947
4924 947
1788 947
8296 947
1881 947
1098 947
3235 947
2717 947
1105 947
947 17
9990 947
9796 947
947 675
947 631
947 452
947 317
1869 947
964 947
8107 947
4272 947
2566 947
1959 947
9091 947
7220 947
6837 947
5225 947
5514 947
1116 947
7212 947
9191 947
7223 947
3238 947
16958 947
947 565
4342 3399
3399 148
3399 1674
3399 42
3399 36
3399 2909
3399 140
5779 3399
4609 3399
3399 2939
3399 1570
3634 3399
3399 3182
3399 2683
6824 3399
6069 3399
5426 3399
3399 1616
3399 647
6167 3399
3399 2924
9219 3399
3399 1536
3399 452
13017 3399
12414 3399
3399 2471
3399 124
3399 2008
14024 3399
3399 2599
3399 1997
3399 1116
13890 3399
7212 3399
9173 3399
4342 1674
1674 148
1159 148
148 42
148 36
7185 148
5419 148
3819 148
1176 148
1067 148
2909 148
941 148
148 140
2939 148
2251 148
1570 148
581 148
3634 148
2683 148
6824 148
6069 148
647 148
288 148
6603 148
4924 148
4634 148
7028 148
876 148
821 148
9206 148
6446 148
442 148
186 148
9668 148
9219 148
2121 148
678 148
274 148
317 148
9250 148
6929 148
4962 148
2471 148
2244 148
964 148
8107 148
6657 148
5436 148
2996 148
2566 148
1575 148
1143 148
221 148
6747 148
2286 148
1682 148
332 148
2686 148
1880 148
603 148
9221 148
9173 148
4928 148
4833 148
3642 148
1854 148
9191 148
1482 148
9254 148
9203 148
1467 148
8433 148
5989 148
3176 148
148 81
9148 148
9280 148
1674 42
1674 36
5419 1674
1674 1176
1674 1067
1674 131
1674 62
1674 581
1674 920
4386 1674
2148 1674
1768 1674
1674 647
8796 1674
4924 1674
1674 821
9206 1674
2924 1674
2839 1674
1881 1674
9668 1674
1674 274
1674 17
4272 1674
4550 1674
1959 1674
4833 1674
1674 1585
4344 1674
4273 1674
9226 1674
10201 1674
17731 1674
13684 1674
4342 36
42 36
5419 36
1176 36
7185 36
3819 36
2909 36
941 36
2939 36
2251 36
1570 36
4609 36
3634 36
6824 36
4924 36
3647 36
6603 36
4634 36
9206 36
7028 36
876 36
6446 36
442 36
274 36
9219 36
678 36
9250 36
6929 36
2471 36
964 36
631 36
76 36
6657 36
5436 36
3892 36
2566 36
6747 36
9221 36
9173 36
9191 36
9254 36
9203 36
7480 36
9276 36
9226 36
6581 36
9280 36
5419 4342
4342 3819
4342 1067
5419 3819
5419 1067
7185 5419
3819 1067
5419 941
5419 2939
5419 1570
5419 4609
5419 721
5955 5419
5779 5419
5419 4386
5419 4258
5419 1783
6824 5419
5419 4924
5419 2683
5419 2148
5419 1117
6603 5419
7028 5419
5419 5057
5419 3087
5419 821
5419 1788
5419 274
9668 5419
12976 5419
6944 5419
5419 5306
5419 911
9626 5419
5419 2717
5419 631
5419 452
5419 183
5436 5419
5419 2566
6747 5419
6946 5419
5419 1238
9221 5419
9173 5419
5419 1116
16958 5419
10733 5419
6075 5419
11371 5419
22233 5419
5419 701
4342 2939
4609 4342
5955 4342
4342 4258
4342 920
6824 4342
4342 2035
8796 4342
4342 3182
4342 3087
5426 4342
4342 274
9668 4342
6944 4342
6167 4342
5306 4342
4342 911
4342 678
9626 4342
4342 631
4342 452
4342 2471
4342 1105
13017 4342
4962 4342
4342 2267
10416 4342
6946 4342
4342 864
9221 4342
4342 1662
9254 4342
9203 4342
9431 4342
11180 4342
10201 4342
21341 4342
4342 2331
3819 2939
2939 1067
1159 1067
4609 1067
3931 1067
2909 1067
2176 1067
5955 1067
1067 920
1067 721
1067 581
1067 140
4386 1067
3634 1067
2683 1067
3182 1067
3087 1067
7028 1067
1067 821
1067 288
1067 274
9668 1067
6944 1067
5306 1067
2839 1067
1067 911
1067 442
12976 1067
9219 1067
1067 631
2717 1067
2471 1067
9250 1067
6929 1067
5436 1067
4962 1067
9796 1067
9340 1067
6747 1067
6657 1067
3892 1067
4430 1067
1143 1067
1067 864
9482 1067
9221 1067
8606 1067
6460 1067
8646 1067
6852 1067
4890 1067
14024 1067
10975 1067
1067 710
10239 1067
8422 1067
4344 1067
5270 1067
11180 1067
4265 1067
12892 1067
9788 1067
14875 1067
14457 1067
14117 1067
14757 1067
9758 1067
4609 3819
3819 131
5955 3819
3819 920
3819 721
4258 3819
3819 2251
6824 3819
3819 3282
3819 1783
3926 3819
3819 3087
3819 2148
3819 2035
8796 3819
6603 3819
9668 3819
7243 3819
5426 3819
5306 3819
3819 2839
3819 276
9219 3819
6446 3819
5892 3819
3819 2924
3819 631
3819 452
5436 3819
4962 3819
3819 3235
3819 2121
3819 1105
13017 3819
9796 3819
3819 2278
3819 2267
3819 864
3819 675
12414 3819
8606 3819
6042 3819
3819 2996
3819 1238
6930 3819
3819 1662
3819 697
6567 3819
5383 3819
3819 332
6818 3819
3819 2599
3819 710
9203 3819
4344 3819
3819 2103
8914 3819
10530 3819
6581 3819
6075 3819
3819 3238
7605 3819
13897 3819
6136 3819
3819 2964
3819 336
15271 3819
3819 1156
5090 3819
3819 3557
3819 2024
2939 42
7185 42
1176 42
1159 42
131 42
941 42
2251 42
1570 42
1783 42
5779 42
3926 42
3087 42
2148 42
2035 42
8796 42
9668 42
7300 42
3647 42
647 42
288 42
5057 42
9206 42
3508 42
2924 42
1616 42
876 42
442 42
12976 42
1881 42
5436 42
2121 42
186 42
6169 42
4498 42
566 42
42 17
7979 42
6657 42
675 42
9990 42
8606 42
6042 42
2996 42
1143 42
6930 42
4272 42
1869 42
1662 42
1575 42
124 42
6852 42
6330 42
1959 42
1682 42
2599 42
1880 42
1585 42
603 42
4928 42
3642 42
2021 42
1139 42
1165 42
7223 42
4395 42
2617 42
2335 42
1467 42
11180 42
9898 42
9276 42
4265 42
4135 42
11174 42
10201 42
4836 42
3164 42
263 42
15340 42
3176 42
3028 42
14279 42
8580 42
565 42
7386 42
7205 42
6514 42
5020 42
3557 42
1172 42
15565 42
2901 42
17471 42
13064 42
12503 42
10955 42
5406 42
1176 131
1159 131
4609 1159
3931 131
2909 131
2251 131
1570 131
4386 131
3926 131
3634 131
3282 131
2683 131
6603 131
4924 131
647 131
1768 131
6069 131
4634 131
2383 131
876 131
276 131
6446 131
8296 131
1105 131
566 131
131 17
6657 131
2996 131
317 131
1869 131
8107 131
6852 131
2599 131
1585 131
603 131
5743 131
4833 131
2686 131
1854 131
7122 131
4768 131
2375 131
4654 131
1551 131
3176 131
3028 131
2964 131
5480 131
3557 131
15626 131
3931 2939
4609 3931
3931 2909
2909 1176
2251 1176
4609 2251
2909 2251
4609 1570
4609 941
5955 4609
4609 140
4609 62
6824 4609
5779 4609
4609 2683
4609 2035
8796 4609
4924 4609
4609 3182
4609 1768
4609 1117
4609 288
5426 4609
9206 4609
5306 4609
4609 3508
6944 4609
5892 4609
4609 1881
4609 1788
8296 4609
4609 3235
4609 2717
4609 1098
4609 588
9990 4609
8606 4609
4609 2566
4609 1536
4609 76
8107 4609
6946 4609
4609 4430
4609 1238
4609 4550
4609 2008
14024 4609
9173 4609
4833 4609
7220 4609
6837 4609
4609 1139
9254 4609
5514 4609
9065 4609
4609 2335
9276 4609
16958 4609
10228 4609
4609 3788
12734 4609
8070 4609
4609 4401
5955 3931
3931 721
3931 140
3931 2683
2683 1176
2939 2683
2909 2683
7185 2683
5955 2683
7185 5955
5955 1570
7185 941
1570 941
5955 721
5955 140
7185 140
2251 140
1159 140
6824 5955
5955 5779
5955 4386
5955 3634
5955 2035
5955 1783
5955 581
5955 3087
6603 5955
5955 3182
5955 1117
5955 288
9668 5955
6069 5955
5955 4634
5955 5892
5955 1788
5955 442
9219 5955
5955 911
5955 631
5955 3235
5955 1098
5955 678
5955 2471
6929 5955
5955 2267
10416 5955
9482 5955
5955 221
6837 5955
13890 5955
10239 5955
5955 4395
6581 5955
5955 5270
9226 5955
8070 5955
5955 4257
10178 5955
5955 5090
19130 5955
7185 4386
7185 581
7185 4258
7185 4924
7185 3182
7185 2148
9668 7185
7185 3647
7185 3508
7185 876
7185 307
7185 274
7185 1616
7185 112
7185 6167
7185 2717
7185 452
7185 6169
9990 7185
9796 7185
7979 7185
10416 7185
9340 7185
7185 964
7185 221
11051 7185
9977 7185
7185 4550
7185 2599
7185 2008
7185 1959
7185 1682
14024 7185
7185 5743
7185 1139
9091 7185
10699 7185
7346 7185
7185 5050
7779 7185
7480 7185
7185 4257
10362 7185
7185 4401
21340 7185
7185 701
21286 7185
22037 7185
2035 1176
3182 1176
2148 1176
941 721
1159 581
941 581
2148 1159
1783 1159
1159 62
3926 1159
3282 1159
8796 1159
1159 288
1159 647
1616 1159
1159 276
8296 1159
3235 1159
1159 452
1159 1105
9626 1159
6657 1159
4962 1159
2267 1159
13017 1159
2278 1159
6852 1159
2599 1159
1585 1159
6818 1159
6535 1159
3375 1159
9368 1159
2934 1159
12899 1159
3557 1159
5020 1159
3942 1159
2024 1159
10955 1159
2148 941
941 62
4258 941
3282 941
4924 941
1117 941
1616 941
941 876
9206 941
1788 941
941 442
6944 941
3235 941
2717 941
9626 941
9340 941
2566 941
2599 941
1869 941
1143 941
4272 941
1662 941
1575 941
6460 941
1585 941
2129 941
10975 941
6814 941
2818 941
1880 941
3642 941
1854 941
7212 941
1165 941
2617 941
6075 941
4265 941
10733 941
9687 941
4273 941
941 565
941 851
2909 2148
2683 2148
2251 2148
2148 1570
2683 62
2251 62
2148 62
1570 62
140 62
4258 2251
3282 2251
2251 1783
6824 2251
2251 288
3647 2251
2251 1616
7300 2251
2251 276
5057 2251
8296 2251
2251 452
2471 2251
2267 2251
2251 2121
2251 17
13017 2251
2251 327
9250 2251
2996 2251
2251 1869
8107 2251
6946 2251
2251 697
9173 2251
5743 2251
2818 2251
3642 2251
2251 2103
6581 2251
14158 2251
4257 2251
5989 2251
4178 2251
8783 2251
4258 2148
3282 2148
2148 1783
4924 2148
2148 920
2148 288
3647 2148
7300 2148
2148 276
5057 2148
2148 307
2717 2148
2148 566
2996 2148
2148 1869
2148 964
2244 2148
4833 2148
2148 603
2686 2148
2159 2148
2148 2103
4395 2148
2617 2148
4768 2148
2148 1482
14423 2148
5989 2148
4836 2148
2148 336
8431 2148
4178 2148
11125 2148
7426 2148
12582 2148
9337 2148
4258 62
1783 62
4386 62
3926 62
3647 62
9668 62
1768 62
876 62
9206 62
6069 62
4634 62
3508 62
442 62
2383 62
6446 62
1881 62
112 62
6169 62
4631 62
964 62
588 62
6042 62
4430 62
2244 62
1238 62
11051 62
9482 62
6460 62
1682 62
1585 62
8803 62
6330 62
4833 62
2818 62
603 62
6814 62
6567 62
2686 62
2286 62
1880 62
6186 62
7212 62
5225 62
5050 62
2617 62
2021 62
1165 62
9191 62
5136 62
4318 62
8717 62
2375 62
11180 62
5989 62
4836 62
2146 62
11174 62
1443 62
11125 62
10339 62
5677 62
2521 62
851 62
11371 62
5338 62
3282 2909
3931 288
3926 2683
5779 2683
3182 2683
3087 2683
2683 1768
2683 1616
9206 2683
3508 2683
7243 2683
2717 2683
2683 821
2924 2683
2683 631
2683 2471
2683 2121
2683 2599
2683 1682
2683 1575
2683 221
9977 2683
6186 2683
5383 2683
9091 2683
7220 2683
6581 2683
4257 2683
3188 2683
2683 374
3909 2683
3926 140
288 140
6824 140
3182 140
3647 140
3634 140
3087 140
2176 140
9668 140
442 140
307 140
7243 140
274 140
7028 140
631 140
140 112
9219 140
2316 140
678 140
5436 140
186 140
9250 140
4498 140
2599 140
1536 140
317 140
9482 140
6747 140
6156 140
12414 140
6330 140
697 140
140 124
5743 140
5225 140
710 140
10699 140
9203 140
6581 140
8717 140
7779 140
14158 140
12838 140
11180 140
8422 140
7480 140
5989 140
4836 140
2146 140
10228 140
9749 140
9687 140
9431 140
6010 140
374 140
12734 140
12317 140
7976 140
565 140
16440 140
10339 140
5480 140
2136 140
15575 140
11577 140
10178 140
8985 140
7205 140
3935 140
19935 140
17484 140
17424 140
10804 140
9758 140
7303 140
5338 140
16322 140
8155 140
1293 140
9206 3931
3931 307
3931 276
1176 307
8296 3931
3931 3235
3926 3282
3926 1783
3282 3182
3647 3282
3282 3087
3647 1570
2035 1570
3282 307
3282 1768
3282 276
7300 3282
4634 3282
8296 3282
3282 2383
6446 3282
3282 1881
3282 2471
3282 2121
6167 3282
3282 1105
3282 566
3282 17
4498 3282
3282 327
9990 3282
6929 3282
3282 2278
3282 1536
3282 317
6042 3282
3282 675
3282 183
8202 3282
3282 697
8803 3282
4833 3282
6186 3282
6535 3282
3642 3282
3282 2159
5136 3282
3282 2934
4768 3282
3282 2146
9687 3282
14423 3282
7976 3282
3282 565
15340 3282
13897 3282
4178 3282
12810 3282
4401 3282
5090 3282
3963 3282
9337 3282
6056 3282
1768 1570
2909 1768
2909 307
2909 276
7300 2909
2909 442
5057 2909
2909 112
9206 1570
1616 1570
5057 1570
4634 1570
1570 647
7243 1570
3235 1570
2717 1570
1788 1570
6944 1570
2924 1570
2121 1570
1570 452
1570 17
4631 1570
1570 964
9796 1570
1570 675
1570 697
4272 1570
1585 1570
6741 1570
2008 1570
2159 1570
9091 1570
2333 1570
7212 1570
5514 1570
4395 1570
6075 1570
16958 1570
1570 565
2964 1570
3557 1570
3872 1570
5057 1176
1176 112
4498 3931
3926 1768
3926 307
2939 307
7300 3926
8796 3926
3634 2939
2939 920
9668 2939
1783 920
4258 581
4386 4258
4258 3634
4258 2035
9668 4258
5779 4258
4258 647
4258 442
6603 4258
6069 4258
6944 4258
4258 631
9219 4258
4258 2839
4258 1105
4258 1098
6657 4258
4962 4258
4258 1869
4258 675
4258 2566
4258 1238
4833 4258
4258 3892
4258 1662
8099 4258
9173 4258
10975 4258
4258 710
7346 4258
12421 4258
10362 4258
6796 4258
4258 2464
10891 4258
17471 4258
6069 2939
3235 2939
2939 2717
2939 2383
2939 631
9219 2939
4498 2939
5436 2939
9250 2939
2939 1238
2939 697
2939 221
2939 76
2939 864
2939 124
6930 2939
8646 2939
5064 2939
12899 2939
9749 2939
9226 2939
4654 2939
2964 2939
2939 2374
9148 2939
4962 2909
4498 1176
1176 1105
1176 17
2316 1176
1176 566
1536 1176
8202 1176
2244 1176
1176 864
1176 124
11051 1176
8803 1176
4953 1176
5743 1176
2818 1176
3375 1176
2934 1176
1176 1165
8717 1176
5064 1176
4768 1176
14423 1176
7122 1176
4273 1176
13897 1176
3028 1176
1176 643
1176 241
14279 1176
5677 1176
10558 1176
15698 1176
9096 1176
21514 1176
3647 581
3634 581
3087 581
2176 581
581 442
3634 3087
3634 920
3634 288
9668 3634
3634 276
6603 3634
3087 920
9668 3087
3182 3087
6824 3087
3087 276
6603 3087
3182 920
920 721
5779 920
4924 920
3182 307
3182 288
5779 3182
3182 1768
3182 276
3182 2176
7300 3182
3182 1616
4634 3182
7243 3182
3182 2383
3182 631
3182 112
9219 3182
3182 274
4498 3182
3182 2121
3182 566
6167 3182
4962 3182
3182 911
9250 3182
3182 1536
9796 3182
6929 3182
3182 2278
8202 3182
3182 221
3182 183
3182 124
9482 3182
8107 3182
6946 3182
4430 3182
6741 3182
9173 3182
3182 2159
8646 3182
7220 3182
3182 2934
8464 3182
7346 3182
5050 3182
4395 3182
13890 3182
10239 3182
8914 3182
12734 3182
14054 3182
10362 3182
9086 3182
6796 3182
4401 3182
13363 3182
307 288
9668 307
5779 307
1768 307
9668 288
9668 721
9668 4386
9668 2035
9668 442
1616 307
9206 307
5057 307
631 307
307 112
2121 307
5426 307
566 307
452 307
6167 307
2471 307
6657 307
2278 307
675 307
697 307
307 183
6946 307
6042 307
6741 307
9977 307
6930 307
5743 307
14024 307
7220 307
3642 307
6818 307
5514 307
2103 307
9191 307
14158 307
7480 307
13897 307
9668 631
3634 631
920 631
9668 6069
9668 9219
9668 274
9668 6944
9668 5426
9668 7028
9668 2471
9668 1881
9668 4962
9668 2839
9668 911
9668 5436
9668 678
9668 6929
9668 2267
9668 2566
9668 9482
9668 9340
9668 864
9668 8606
9668 6747
9668 9173
9668 6852
9668 1959
10975 9668
9668 9221
9668 3375
9668 710
9668 4890
9668 9203
10239 9668
9668 9254
9668 8422
9668 4344
9668 9226
9668 5270
9788 9668
14875 9668
14457 9668
9219 3634
9219 3087
9219 920
6069 920
9219 581
581 112
581 274
6944 581
2717 581
6944 3087
2839 581
1105 581
821 581
5892 581
2316 581
2278 581
2267 581
1536 581
12976 581
9340 581
6946 581
588 581
8606 581
6747 581
4430 581
10416 581
1585 581
12414 581
6330 581
710 581
7346 581
10699 581
9368 581
7779 581
6667 581
4445 581
9749 581
7122 581
5270 581
4836 581
9431 581
9898 581
5484 581
10362 581
2093 581
8433 581
5480 581
2136 581
15575 581
2374 581
10205 581
6514 581
2024 581
1172 581
5406 581
13315 581
1293 581
3087 2839
3087 1105
4962 3087
6929 3087
3634 2471
3647 1768
8296 920
920 821
2316 920
2278 920
3647 276
3087 186
3087 864
3087 317
10416 3087
6930 3087
6824 5779
7300 5779
5779 4924
7300 1768
4924 1768
1768 1616
6069 1768
1768 112
2717 1768
5779 112
288 112
4498 1768
1788 1768
2924 1768
2278 1768
3647 1616
5057 288
2717 288
1768 183
6042 1768
8107 1768
6930 1768
1768 1585
9977 1768
2818 1768
4550 1768
4395 1768
2103 1768
10572 1768
16958 1768
1768 565
1768 1443
2909 183
6042 2909
6930 2909
6946 3931
8107 3931
4430 3931
6741 3931
6929 3634
5436 3634
3634 678
12976 3634
3634 675
9340 3634
4430 3634
3634 2566
3634 864
3634 317
10416 3634
6747 3634
4272 3634
3634 710
9091 3634
9203 3634
7779 3634
6581 3634
3634 2021
3634 2375
9898 3634
3634 1551
16440 3634
3634 2374
17758 3634
8803 2909
5743 2909
4953 2909
2909 2818
6818 2909
2909 1139
6667 2909
14158 2909
4924 2035
4924 112
6069 4924
5057 4924
4924 2717
6944 4924
4924 1117
4924 1788
5436 4924
4924 911
6042 4924
4924 2566
9796 4924
6741 4924
9977 4924
2176 2035
2035 631
2035 442
1783 442
2717 1783
7300 2176
6824 2176
2717 2176
6824 2717
6824 631
2717 631
631 442
9219 631
6944 631
6944 6824
6944 2176
6824 6603
9219 442
6824 274
6944 112
6944 4386
7300 6069
7300 5057
6603 2717
6603 442
9219 6603
6603 276
6603 6069
8796 1783
1783 1117
1783 647
4498 1783
3235 1783
1783 876
4962 1783
2924 1783
1783 452
6167 1783
6169 1783
1783 327
9990 1783
2599 1783
1783 1585
2818 1783
2244 1783
1783 76
12414 1783
6852 1783
1783 1662
6460 1783
9091 1783
7346 1783
6535 1783
5383 1783
1783 1165
14158 1783
4768 1783
8422 1783
12899 1783
3188 1783
12317 1783
6136 1783
2024 1783
15271 1783
7386 1783
13190 1783
4498 288
3235 288
4962 288
2924 288
678 288
5779 4498
288 186
6930 288
13017 288
9482 288
7300 4498
7300 647
8796 3647
4634 3647
3647 3235
7243 3647
3647 452
7300 2924
3926 2924
2717 1117
6944 1117
3926 1105
3926 1881
4962 631
2471 631
821 631
7028 631
5436 631
6929 631
5306 631
1536 631
9250 631
864 631
13017 631
9626 631
1238 631
710 631
9091 631
8646 631
9254 631
5064 631
12899 631
631 374
4550 288
5383 288
5383 3931
2934 288
14158 288
647 276
6069 647
8796 6069
8796 721
4498 721
4498 112
4634 721
6944 274
274 112
6167 5779
7346 4924
4395 3931
5514 3931
5514 4924
4924 2129
8464 4924
6837 4924
6667 4924
4924 1116
6042 3926
3926 186
3926 317
3926 588
3647 186
6169 3647
4631 3647
3647 327
3647 1869
6156 3647
4550 3647
3647 1143
7346 3647
3647 2159
4395 3647
3647 2286
9368 3647
3647 2617
5270 3647
9226 3647
4273 3647
11174 3647
6136 3647
14740 3647
7386 3647
5090 3647
3647 2521
3647 1172
21341 3647
12582 3647
10593 3647
21286 3647
3028 2909
6944 2471
6944 5426
5426 2717
2717 2383
2717 1788
2717 876
2717 821
2717 452
2717 2566
2717 317
9340 2717
6657 2717
2717 1098
9482 2717
8107 2717
2717 1585
8606 2717
8202 2717
2717 1143
8099 2717
2717 603
14158 2717
6837 2717
2717 1880
2717 1165
5050 2717
4344 2717
6075 2717
10362 2717
2717 2136
2383 2035
721 452
1105 721
6167 721
2278 721
5892 721
9340 721
6169 721
1098 721
9482 721
9990 721
6741 721
1238 721
11051 721
9091 721
3892 721
8646 721
6186 721
6667 721
2103 721
5070 721
4273 721
6069 452
2121 2035
8796 1117
6944 911
6824 911
2035 911
6824 678
6824 1098
13017 6824
9626 6824
6946 6824
6930 6824
6944 1536
6944 6657
6603 911
6603 821
6603 2839
6929 6603
6603 2316
6603 2566
6603 1238
10416 6603
8606 6603
6603 221
6603 3892
6603 6460
9221 6603
9203 6603
8464 6603
6603 6581
10205 631
10178 631
9148 631
5426 442
1105 442
2839 442
5436 442
1881 442
2566 442
2267 442
8606 442
1869 442
588 442
6747 442
4272 442
5426 276
5426 4386
6069 1881
1881 276
1881 112
6167 276
2121 276
8296 276
2316 276
2278 276
5892 276
1098 276
566 276
9340 276
6446 276
6042 276
317 276
276 17
9250 276
1238 276
327 276
8107 276
2599 276
697 276
8803 276
7979 276
4953 276
4550 276
4395 276
5514 276
10239 276
4836 276
13897 276
6010 276
4654 276
7976 276
4135 276
4178 276
3351 276
3963 276
6167 112
2121 112
1536 112
327 112
2035 327
12976 112
6930 112
675 112
4430 112
9977 112
4395 112
6186 112
14158 112
10239 3087
13890 3087
12899 3087
4318 3087
2316 2176
6946 2035
8796 1881
4386 821
4386 876
1881 647
1881 274
7300 186
7300 6657
7300 6169
7779 112
9898 6603
6603 4257
6603 6151
10530 6603
10530 3087
8107 5779
6741 5779
10201 4924
8070 4924
10891 4924
6075 3931
13897 3931
13897 288
4401 3087
9340 2176
6657 2176
6042 2176
2176 17
6946 2176
6930 2176
9626 2176
8606 2176
8202 2176
4953 2176
7220 2176
6946 6069
6042 4386
5064 2176
2924 1881
1881 876
4962 1881
1881 1788
3508 1881
2924 647
876 647
1881 317
1881 1238
5426 2924
5426 876
2924 876
5426 821
876 821
1105 876
5426 2316
5436 5426
4634 1117
3235 1117
1788 1117
3235 1616
1616 452
2121 1616
4634 3235
4634 452
4634 1105
4962 4634
4634 2383
1105 821
4498 2121
2121 1105
4962 1105
2383 1105
6167 1105
6167 4498
9206 4498
6167 2121
4962 2121
3508 1105
7028 1105
6946 1105
5892 1105
1105 566
1105 327
1105 317
1105 17
6169 1105
6741 1105
4430 1105
1105 588
2599 1105
1105 964
8803 1105
4550 1105
1105 76
6852 1105
8646 1105
7346 1105
6186 1105
4833 1105
2008 1105
2286 1105
2103 1105
6567 1105
5050 1105
4890 1105
7212 1105
4836 1105
1105 565
10362 1105
9276 1105
4265 1105
9086 1105
8433 1105
3557 1105
3351 1105
21341 1105
8985 1105
6514 1105
5020 1105
16963 1105
2331 1105
1293 1105
7095 1105
1867 1105
4634 17
4634 186
1117 17
4634 4430
4550 2035
4550 1881
1881 964
5426 1098
2278 647
647 317
2278 2121
5064 442
2121 327
2121 186
12317 288
6944 221
6944 3892
8646 6944
6944 2159
7122 112
4928 112
9219 7028
8796 7028
8796 6946
8796 1098
8796 2566
8796 4430
8796 4631
8796 964
8796 3892
8796 76
8796 8646
9219 2566
2566 1616
8796 2008
7028 5057
7028 4962
7028 452
5057 17
8796 4890
8796 6814
6069 4550
6069 2599
6069 697
4498 4430
5306 4386
4550 4386
4386 1869
3235 2566
6946 3235
8296 3235
4962 2471
4962 4430
6929 4962
9250 2121
2176 1997
6169 876
1238 876
6741 876
2599 876
1869 876
964 876
876 588
876 697
4833 876
2599 647
647 588
2599 1117
1117 964
4631 1117
1117 675
9796 1117
8202 1117
9977 1117
4272 1117
2159 1117
2008 1117
1959 1117
6837 1117
6814 1117
1880 1117
1616 964
4631 1616
8202 647
1117 565
7300 2008
7300 6186
7300 1662
7300 1575
7300 6837
7300 6818
7300 6567
10699 7300
9191 7300
8717 7300
7300 2375
6069 1662
9796 1616
9990 1616
1616 221
2244 1616
6156 1616
7223 1117
6814 876
1880 876
1880 1616
4890 1616
1616 603
3926 603
6535 3926
3926 3642
3926 2129
7779 3926
3926 2333
17471 721
4962 675
4962 697
2244 647
2996 647
12414 647
647 603
1682 647
6535 647
2286 647
8464 647
5064 647
2686 647
12899 647
4768 647
9276 647
5989 647
4654 647
1482 647
3164 647
647 263
8985 647
1172 647
8783 647
8296 452
7243 452
4430 452
3508 452
964 452
6657 452
6741 452
8202 452
8107 452
452 183
6747 452
1585 452
4833 452
6460 452
14158 452
7220 452
2129 452
5050 452
4318 452
7480 452
6151 452
11174 452
10201 452
4962 183
10416 4962
8107 4498
4962 2008
4634 2008
6075 442
2924 327
2924 186
6169 2924
2924 675
4550 2924
4550 3235
2924 2008
3892 2924
4833 2924
2924 603
9091 2924
2924 1880
6535 2924
2924 2286
8464 2924
5050 2924
2924 2617
6535 1881
2617 876
12976 9219
9626 9219
9219 2008
10416 9219
9219 1585
9219 221
9219 7346
9219 8099
9219 4890
9219 5064
10975 9219
9219 9203
9219 6581
9898 9219
6944 6581
6824 6581
6581 920
10239 6944
4498 1585
12734 3926
7243 2383
9206 7243
9206 3508
7243 2316
2566 2316
6946 2316
4430 2316
2316 327
2316 186
2316 675
2316 566
8464 2035
9221 2035
6818 2035
6818 6069
6818 5779
9173 5779
2176 1551
9206 1098
9206 6042
2375 876
4273 876
2383 675
4550 2383
6167 566
15565 452
10851 452
10530 442
10228 442
7243 317
7243 5892
7243 1536
7243 6446
7243 2267
1536 821
7028 1536
1536 274
7028 6929
1788 186
1788 17
2471 186
336 112
1098 17
9219 8433
9226 6944
7779 6069
9221 4962
5436 2566
2566 964
2599 2566
2566 678
678 274
2599 17
4430 2278
4550 4430
9206 1869
2121 1662
12414 2121
6818 2121
6186 2121
2159 2121
6818 4498
4386 1575
3872 1117
2964 876
3351 876
5480 876
876 643
8580 876
876 81
675 327
675 566
675 317
6929 675
675 588
588 17
6929 566
3935 288
15698 288
701 288
2566 221
13017 2566
6747 2566
9977 2566
2566 1662
4272 2566
9221 2566
6581 2566
2566 710
6814 2566
9977 3235
15698 112
14579 112
14579 7300
5306 17
2008 17
1585 17
4833 17
76 17
15575 9219
14875 9219
8646 7243
8646 2316
12414 2316
8803 2316
4953 2316
12414 5426
7243 2159
2316 2129
7779 2316
10416 7028
10599 6603
22037 6603
6946 6169
6169 2278
9977 5057
10339 3926
7386 3926
5020 3926
10558 3926
7205 3926
3926 2901
4962 3375
14193 3087
4344 2566
2566 1997
2566 2146
2839 2471
7243 2129
4634 1959
8107 1788
5057 1662
8803 5057
5057 2244
7979 5057
5057 1682
5064 5057
5892 1536
5892 2839
2599 964
6167 697
6929 678
9788 442
2464 442
14320 288
6747 274
3892 274
3892 821
864 821
5064 17
5050 17
2103 17
2686 17
1165 17
4386 2686
14024 4386
7212 4386
5225 17
2375 17
5270 17
5136 17
5070 17
1482 17
336 17
5020 17
5090 17
6946 6446
9977 6946
8646 6167
8296 6042
8296 6657
13890 5779
4634 2934
10733 2566
2566 2136
9977 2471
5306 2471
9250 2471
2471 2267
2471 221
2471 183
13017 2471
6818 2471
14158 2471
6330 2471
12414 2383
4318 2316
10572 2316
7122 2316
4445 2316
4631 2278
5892 4631
8202 2278
8202 186
5136 1881
5306 1098
8803 675
4953 675
7979 675
6186 675
7979 274
10851 442
835 442
697 327
8606 186
6930 6929
6930 1098
8606 1098
3892 1098
8803 1098
4953 1098
8606 5892
8803 327
8803 566
4953 327
9898 4962
9226 4962
9368 4634
9226 4634
5270 4634
8606 4550
8202 4550
4550 697
4550 3892
9626 4550
8202 678
3892 678
5436 3892
3892 911
9626 678
9626 3892
9626 911
911 221
12414 4430
8796 4401
12899 2471
6075 2471
2996 2383
4550 2159
2278 2159
6186 2278
12414 1536
5436 1238
2839 1238
2599 1238
1238 964
8202 1238
2008 1238
1869 1238
1869 964
1585 964
8202 221
8202 4953
6747 2599
9626 2008
5306 2008
2008 697
9990 1238
6581 821
6156 821
6167 6156
6581 4550
4550 603
6460 4550
8099 4550
5050 4550
7779 4550
4550 1165
6167 2129
6167 2286
8803 697
4631 588
1585 588
1869 1585
2996 327
2996 186
5178 17
13017 9626
13890 7243
7979 6929
7979 2599
8202 6818
8202 6156
8202 4272
8202 8099
12838 6069
6069 4265
6069 374
8433 6069
15575 6069
10891 6069
6567 5426
7028 5064
8202 4890
5070 4550
6069 3942
3872 2316
7439 2316
2383 1959
5383 2383
2383 2103
13890 2383
4318 2383
2129 1238
2599 2129
2129 964
1880 1238
2599 1880
2934 675
6186 566
9091 327
6535 186
186 124
6330 186
9977 8107
9977 6446
9977 9340
8606 6741
6741 6657
8606 4953
10416 8606
8606 6818
8803 4953
8803 2267
6818 697
8646 697
4833 697
12976 5306
13897 5057
13897 2383
6136 4634
5090 4634
21341 4634
5779 4401
8070 5779
8070 2035
3642 3235
4318 3235
3235 2333
9226 3235
5270 3235
8803 2996
10362 2121
7976 2121
2278 2103
10891 2035
10891 2121
10201 1881
10201 4550
2129 588
13017 221
8803 76
12976 9340
10416 9340
13017 9250
9096 6944
6930 6818
6930 183
9191 5426
13017 2996
19130 2566
3188 2383
2964 2383
16011 2316
6042 2159
9148 2035
6156 2008
9626 1880
9626 5064
5064 678
5436 5064
5050 697
2818 697
2286 697
6814 697
1165 697
4318 697
3375 697
8803 2818
3375 2599
1854 697
6852 678
6814 678
4890 678
10572 675
864 221
13897 186
1997 186
4928 186
2964 186
9687 186
10416 7979
9990 6741
9796 6741
9221 5892
21286 4634
19130 4634
10670 4634
21350 4634
22139 4634
14837 4634
12421 4550
8422 4498
7779 4430
4430 4395
2617 2599
7439 2383
5677 2383
2383 2024
2286 2008
6169 2286
6169 603
2008 1959
4631 1880
1880 1869
1869 603
4953 1662
13897 1098
2129 183
4962 81
10416 9482
9482 183
8296 7346
9977 6535
9977 5050
5306 5050
9977 4395
9977 1682
9977 8464
9977 6837
9977 5514
10239 9977
10699 9977
9977 1997
9977 332
9977 7480
10362 9977
9977 8433
14054 9977
10178 9977
10593 9977
6837 5436
12976 5064
9250 5064
6814 4631
6446 4272
8464 3892
5090 3235
21341 3235
6930 2818
6075 1238
2839 1143
11577 920
5779 701
9091 317
9091 6657
9091 1585
1585 1143
2103 317
7346 221
1682 221
710 221
6581 183
12414 9091
10416 8099
10416 710
6837 6042
9173 6042
7220 6042
7220 1536
7220 6741
7605 5057
6514 5057
14193 4962
4833 2996
9990 4833
4833 2159
6186 4833
9990 6156
7346 4833
5050 2996
12620 2121
9796 1880
2996 1682
4890 2996
2996 2103
10239 1536
4273 1238
6151 1238
10201 821
9687 821
821 374
2136 821
12976 710
3872 697
4344 678
10891 675
13897 566
4928 327
14024 221
10416 10239
9990 8099
9990 6814
9977 7724
14158 6930
6818 6535
8099 5064
5064 710
6747 710
6156 710
6156 603
6186 603
4272 603
7220 5064
7779 4953
7779 6818
8107 4395
8107 1959
9250 1959
6156 4395
6930 4318
5050 4272
5057 3909
10975 3892
9203 3892
12899 3892
9226 3892
6075 3892
4928 3892
4344 3892
9749 3892
10733 3892
6075 1788
10733 1238
9749 1098
4928 964
14512 3892
21286 3235
21340 3235
4168 3235
22139 3235
14837 3235
4631 2934
2934 1585
4631 2333
2333 1585
5892 1997
6169 1997
6741 1997
5306 1997
9990 1997
4386 1156
1788 1139
1788 1116
8914 1098
4273 964
6581 710
10530 678
4498 643
2686 588
1788 565
1788 374
964 374
1536 374
5436 374
2008 374
5436 4273
8803 4273
4273 2839
4273 588
6156 124
9191 6929
5383 5064
13897 4953
6042 4768
6042 2375
6042 1116
13684 4386
4833 4273
4498 3935
5057 3810
6657 3642
9340 3375
6818 3375
6818 1165
3188 2278
6747 1997
2159 1997
3872 1788
3238 1788
3238 1098
8202 1551
2024 1238
4272 1143
11174 964
2136 964
2136 274
4401 274
4430 2136
8433 4430
5480 964
3557 964
14579 964
1959 864
2471 791
9368 588
4631 332
7122 4631
2375 317
2375 1869
12976 9203
10572 6930
9687 6929
10572 6657
10572 4953
4953 1139
7122 4953
7122 6657
12976 7122
6156 5514
8296 5136
4928 4833
5090 4430
21341 4430
14054 4430
6796 4430
6796 274
6796 678
12421 678
10851 3892
4953 2964
12838 4953
9431 4953
4953 3872
4953 3788
16440 4953
12414 2934
12414 10239
3508 2617
9091 2103
2103 1662
1662 124
6167 2093
3188 2008
9173 1662
9173 9091
14875 1098
1467 327
4178 327
6167 81
11577 6167
6167 3909
12899 9250
10891 6929
10891 4631
5090 4631
14054 4631
8646 6852
7979 6330
6796 5436
8646 5383
9749 5306
9340 5270
5270 183
6151 2839
6151 1585
11051 2267
7122 2267
13890 2267
2818 2244
2686 2159
1869 1854
9203 710
9203 6186
9203 864
8783 697
5090 588
10851 274
10530 10416
11051 9482
13890 8646
13890 864
7346 7220
7439 6929
6796 6657
6852 6535
14757 6167
8803 6010
6010 566
13017 5136
6741 5090
5090 4833
5406 4430
4430 1293
7779 4395
6535 3375
3375 1959
7779 3375
6852 3375
6330 1959
8464 7779
6460 2818
3176 2599
7028 2024
2333 1959
2333 1880
2818 2333
4318 2818
12899 1959
5270 1959
9226 1959
6151 1959
6156 1854
2093 1536
2617 603
6136 588
3963 327
9687 183
11051 7220
8070 6946
10891 6818
10362 6818
6818 2146
12421 6818
12421 5892
14579 5892
7979 5136
5743 5050
12421 4833
14158 4395
5514 4395
8606 4265
6535 3642
3642 3375
6852 3642
6535 2617
5064 3188
10205 2278
2686 2244
4318 2103
6657 2024
7605 2008
4178 1585
2996 1482
7979 1116
14054 317
3028 317
476 317
317 263
8580 317
1551 183
1165 76
13897 76
9687 8646
9250 8433
10572 7779
14875 6657
7480 6446
11174 6156
12810 6042
11125 6042
10558 6042
11125 588
11051 5383
6837 5383
12414 4445
9340 4257
6042 3810
8464 2686
10201 2267
2686 1165
4273 1143
4890 4273
7779 1139
7779 6667
5306 643
2996 643
6741 336
15698 8803
8433 7779
14193 6929
14512 6169
8296 5020
14158 4318
4833 3176
12810 4833
10955 2278
8422 1662
8422 864
2159 1482
9254 710
6581 374
6667 6581
6581 4344
12899 9173
12899 6837
12899 10239
8914 8646
8985 8606
8606 6514
16958 8107
9898 6581
10572 6460
6460 5270
14423 6446
4836 4272
4445 3375
3375 3188
10851 2839
6814 2375
9091 2146
9091 6796
5406 2008
5480 1959
5136 1682
7122 1165
4401 864
4833 791
10733 710
1585 701
1880 565
9796 565
565 76
1143 565
2286 565
1165 565
12414 476
14024 124
10178 9340
9340 2464
15626 8803
14512 8646
15000 8606
8422 7346
10699 7220
7122 5743
7779 2335
7779 5020
7779 3788
3028 2159
10205 911
3963 183
16958 9796
12892 6930
12317 6581
9687 4890
4922 4833
21075 4833
9687 4273
6151 4273
9065 4272
12317 2818
3872 2818
12734 2818
3872 76
2024 1880
7122 1139
1575 1139
10205 710
2374 710
1959 701
2617 374
6747 336
17471 221
10178 7979
9148 5064
15000 5064
7346 4257
3557 3375
3557 76
12620 1959
7426 1869
2333 1854
4257 1682
12838 1682
2686 1482
4265 1143
4928 1139
3351 603
12976 12870
10891 8464
10508 7979
10228 7346
9148 6581
12838 5383
7976 5050
9687 4928
7122 4836
9091 3935
12421 2286
7122 2021
6796 1997
6957 1959
6581 791
1880 791
10955 710
1854 565
11371 9250
10975 9226
9226 6075
9065 6814
6814 5480
6852 5020
7605 1682
7605 2286
14579 2286
3557 1165
1165 643
3176 1165
6075 1116
336 124
3238 124
6186 81
13890 10891
13897 8433
9276 6837
6957 6581
9226 5090
5270 5090
11180 4273
5178 3508
10228 2333
11577 2286
2286 241
14279 2286
10572 2146
9226 2136
2159 1293
5050 701
9254 374
10205 8464
9254 6567
6075 5070
21341 2333
3642 2024
12870 1682
4168 864
2333 701
4168 603
2103 241
12734 10572
11180 10572
10572 9431
12734 2617
2617 476
1575 476
21341 9226
9226 6136
10178 9226
15000 6852
6796 6667
21341 6075
21341 5270
8422 4836
10699 4445
10699 7480
14512 9221
8433 6796
12317 5136
14024 4401
13315 4272
4273 2521
8433 2136
10362 8433
15698 1997
14024 10205
14024 10178
21286 9226
10593 9226
19130 9226
10804 9226
10670 9226
9758 9226
22139 9226
21350 9226
17731 9226
14837 9226
16322 9226
10205 8433
12838 7480
10362 7480
11180 7480
10205 7480
10178 7480
7480 2093
8433 2093
21341 5090
10530 4836
10205 4344
5480 2375
9203 2374
5406 1997
11174 1854
16958 1116
14158 791
16011 124
12870 7480
15271 6837
7386 6075
21286 6075
21286 5270
12734 2146
13684 2103
2331 1997
5514 791
15565 6460
10804 6075
19130 5270
9758 5270
5613 4273
15340 2934
8985 2375
14054 2146
10362 2093
9368 1551
9368 336
9173 1293
3963 1139
10851 374
12503 6837
5613 2686
2464 1854
2521 1854
12317 10228
12620 5514
21286 5090
15821 1575
3188 791
14579 12317
9254 9148
7386 6151
19130 5090
10804 5090
21340 5090
9749 3788
7212 701
21341 21286
5677 4445
10804 4344
9431 3788
21286 10178
21286 6136
6056 5743
3942 2146
12421 241
9276 7386
16440 3872
6514 3872
3963 3872
6514 2964
10228 2521
6136 2521
6514 2335
6514 3351
19130 6136
21286 19130
10593 6136
7439 3351
9758 2136
5677 2024
22225 565
21286 9758
14875 7976
17471 5070
21514 3872
12620 476
21350 21341
22139 6136
14837 6136
22139 21286
21286 14837
21286 16322
6056 4768
12810 1467
3810 476
19935 11180
19130 10593
11577 9086
4654 3810
7439 3810
14193 7439
5480 835
17471 16440
3028 2901
4178 835
6957 791
9096 701
10955 241
19130 10670
19130 16322
8404 791
10670 10593
8783 4135
3909 3810
13035 4135
14193 1293
15340 8404
8155 5677
22139 16322
21075 14279
14117 12892
17731 14837
21350 17731
13190 13035
22233 17424
21637 8987
