2.580000000000000000e+02 4.450000000000000000e+02 1.244000000000000000e+04
5.100000000000000000e+02 2.400000000000000000e+02 5.428000000000000000e+03
1.043000000000000000e+03 1.218700000000000000e+04 5.242000000000000000e+03
1.246000000000000000e+03 3.740000000000000000e+03 1.347500000000000000e+04
1.419000000000000000e+03 6.663000000000000000e+03 1.298000000000000000e+04
1.864000000000000000e+03 3.350000000000000000e+02 4.164000000000000000e+03
2.262000000000000000e+03 1.041600000000000000e+04 1.620400000000000000e+04
2.277000000000000000e+03 5.286000000000000000e+03 1.350400000000000000e+04
2.499000000000000000e+03 9.644000000000000000e+03 9.373000000000000000e+03
3.021000000000000000e+03 2.170000000000000000e+02 5.374000000000000000e+03
3.024000000000000000e+03 5.602000000000000000e+03 1.056500000000000000e+04
3.190000000000000000e+03 6.273000000000000000e+03 2.451000000000000000e+03
3.207000000000000000e+03 2.260600000000000000e+04 5.066000000000000000e+03
3.520000000000000000e+03 9.516000000000000000e+03 1.302400000000000000e+04
3.526000000000000000e+03 2.533700000000000000e+04 2.530000000000000000e+03
4.271000000000000000e+03 1.110000000000000000e+03 1.180000000000000000e+02
4.653000000000000000e+03 1.319500000000000000e+04 4.224000000000000000e+03
4.768000000000000000e+03 1.123000000000000000e+03 2.522000000000000000e+03
5.855000000000000000e+03 5.637000000000000000e+03 1.591700000000000000e+04
6.368000000000000000e+03 2.428200000000000000e+04 7.070000000000000000e+03
6.622000000000000000e+03 1.939000000000000000e+03 5.190000000000000000e+02
7.386000000000000000e+03 2.190000000000000000e+03 6.060000000000000000e+02
7.404000000000000000e+03 9.750000000000000000e+02 8.800000000000000000e+02
7.768000000000000000e+03 1.396100000000000000e+04 2.949000000000000000e+03
8.004000000000000000e+03 1.496000000000000000e+03 1.592000000000000000e+03
8.403000000000000000e+03 9.463000000000000000e+03 2.131600000000000000e+04
8.765000000000000000e+03 5.484000000000000000e+03 9.648000000000000000e+03
8.903000000000000000e+03 2.590000000000000000e+02 2.045000000000000000e+03
9.032000000000000000e+03 4.349000000000000000e+03 5.074000000000000000e+03
9.246000000000000000e+03 9.960000000000000000e+03 4.266000000000000000e+03
9.468000000000000000e+03 1.265600000000000000e+04 1.430900000000000000e+04
9.851000000000000000e+03 1.258000000000000000e+04 1.277100000000000000e+04
9.896000000000000000e+03 9.472000000000000000e+03 2.046200000000000000e+04
1.062900000000000000e+04 3.372000000000000000e+03 5.225000000000000000e+03
1.070100000000000000e+04 4.243000000000000000e+03 1.411200000000000000e+04
1.102200000000000000e+04 5.426000000000000000e+03 1.533300000000000000e+04
1.119700000000000000e+04 3.591000000000000000e+03 3.109000000000000000e+03
1.136900000000000000e+04 1.321500000000000000e+04 1.329700000000000000e+04
1.152000000000000000e+04 4.425000000000000000e+03 7.007000000000000000e+03
1.171200000000000000e+04 2.166000000000000000e+03 3.138000000000000000e+03
1.187500000000000000e+04 2.939000000000000000e+03 6.816000000000000000e+03
1.348700000000000000e+04 9.033000000000000000e+03 2.840000000000000000e+03
1.353300000000000000e+04 7.204000000000000000e+03 1.641900000000000000e+04
1.467400000000000000e+04 4.550000000000000000e+03 6.100000000000000000e+01
1.474800000000000000e+04 2.357800000000000000e+04 2.733600000000000000e+04
1.490800000000000000e+04 1.756000000000000000e+03 7.565000000000000000e+03
1.518400000000000000e+04 5.485000000000000000e+03 2.200000000000000000e+01
1.520700000000000000e+04 2.259900000000000000e+04 1.666000000000000000e+04
1.533100000000000000e+04 2.328200000000000000e+04 6.919000000000000000e+03
1.567700000000000000e+04 4.208000000000000000e+03 6.297000000000000000e+03
1.590900000000000000e+04 1.892900000000000000e+04 1.365800000000000000e+04
1.602300000000000000e+04 9.990000000000000000e+03 2.188000000000000000e+03
1.647000000000000000e+04 1.291500000000000000e+04 7.056000000000000000e+03
1.692800000000000000e+04 9.244000000000000000e+03 6.200000000000000000e+01
1.698300000000000000e+04 4.440000000000000000e+02 1.156700000000000000e+04
1.700100000000000000e+04 3.611000000000000000e+03 1.397600000000000000e+04
1.743900000000000000e+04 4.320000000000000000e+02 1.176000000000000000e+03
1.964800000000000000e+04 4.000000000000000000e+01 6.667000000000000000e+03
1.976700000000000000e+04 5.744000000000000000e+03 1.800000000000000000e+03
1.994200000000000000e+04 2.823000000000000000e+03 8.200000000000000000e+01
2.013900000000000000e+04 1.751800000000000000e+04 1.963000000000000000e+03
2.015300000000000000e+04 9.144000000000000000e+03 1.622300000000000000e+04
2.041300000000000000e+04 1.220000000000000000e+02 8.055000000000000000e+03
2.077100000000000000e+04 1.210000000000000000e+02 9.669000000000000000e+03
2.077400000000000000e+04 2.414000000000000000e+03 8.660000000000000000e+02
2.078500000000000000e+04 1.299000000000000000e+04 1.517000000000000000e+03
2.095700000000000000e+04 8.985000000000000000e+03 1.228900000000000000e+04
2.113600000000000000e+04 9.370000000000000000e+02 2.330000000000000000e+02
2.123300000000000000e+04 6.477000000000000000e+03 9.400000000000000000e+02
2.182100000000000000e+04 1.902200000000000000e+04 2.795000000000000000e+03
2.201900000000000000e+04 3.746000000000000000e+03 1.479000000000000000e+03
2.265400000000000000e+04 2.136700000000000000e+04 2.189300000000000000e+04
2.268000000000000000e+04 4.405000000000000000e+03 1.258000000000000000e+03
2.311700000000000000e+04 8.690000000000000000e+02 4.200000000000000000e+02
2.337300000000000000e+04 8.690000000000000000e+02 5.546000000000000000e+03
2.352500000000000000e+04 8.175000000000000000e+03 1.404000000000000000e+03
2.508900000000000000e+04 7.888000000000000000e+03 8.175000000000000000e+03
2.529900000000000000e+04 1.407000000000000000e+04 9.248000000000000000e+03
2.581200000000000000e+04 1.350400000000000000e+04 1.216300000000000000e+04
2.624000000000000000e+04 4.828000000000000000e+03 1.675000000000000000e+03
2.644300000000000000e+04 2.426000000000000000e+03 3.266000000000000000e+03
2.665500000000000000e+04 3.186000000000000000e+03 7.493000000000000000e+03
2.702100000000000000e+04 6.140000000000000000e+02 1.075400000000000000e+04
2.739400000000000000e+04 1.636900000000000000e+04 1.452800000000000000e+04
2.804900000000000000e+04 3.418000000000000000e+03 9.330000000000000000e+03
2.893300000000000000e+04 9.420000000000000000e+03 9.324000000000000000e+03
2.959400000000000000e+04 1.626400000000000000e+04 3.637000000000000000e+03
3.035500000000000000e+04 2.522000000000000000e+03 1.190000000000000000e+02
3.038300000000000000e+04 2.437000000000000000e+03 7.795000000000000000e+03
3.057000000000000000e+04 2.919000000000000000e+03 3.934000000000000000e+03
3.088600000000000000e+04 5.015000000000000000e+03 1.178500000000000000e+04
3.183200000000000000e+04 1.100000000000000000e+03 4.830000000000000000e+03
3.196300000000000000e+04 1.436700000000000000e+04 1.987000000000000000e+03
3.254600000000000000e+04 9.540000000000000000e+02 6.946000000000000000e+03
3.358100000000000000e+04 1.139900000000000000e+04 1.414000000000000000e+04
3.454500000000000000e+04 6.932000000000000000e+03 2.008200000000000000e+04
3.489000000000000000e+04 3.384000000000000000e+03 3.209000000000000000e+03
3.512600000000000000e+04 6.300000000000000000e+01 6.762000000000000000e+03
3.565600000000000000e+04 8.210000000000000000e+02 6.851000000000000000e+03
3.587500000000000000e+04 2.110000000000000000e+02 2.128000000000000000e+03
3.620000000000000000e+04 6.751000000000000000e+03 5.370000000000000000e+02
3.621600000000000000e+04 2.026500000000000000e+04 5.810000000000000000e+02
3.624000000000000000e+04 7.950000000000000000e+02 1.791000000000000000e+03
3.634800000000000000e+04 1.454600000000000000e+04 6.075000000000000000e+03
3.635600000000000000e+04 8.113000000000000000e+03 6.988000000000000000e+03
3.639600000000000000e+04 9.461000000000000000e+03 3.896000000000000000e+03
3.642000000000000000e+04 2.823000000000000000e+03 2.473000000000000000e+03
3.666700000000000000e+04 9.882000000000000000e+03 4.360000000000000000e+02
3.673100000000000000e+04 1.117400000000000000e+04 3.199000000000000000e+03
3.725000000000000000e+04 6.831000000000000000e+03 2.134400000000000000e+04
3.728600000000000000e+04 3.868000000000000000e+03 1.185000000000000000e+03
3.796800000000000000e+04 3.640000000000000000e+03 1.541000000000000000e+03
3.842100000000000000e+04 5.897000000000000000e+03 7.865000000000000000e+03
3.861700000000000000e+04 1.577000000000000000e+03 9.194000000000000000e+03
3.898200000000000000e+04 2.248000000000000000e+04 2.760000000000000000e+02
3.929600000000000000e+04 2.085000000000000000e+03 2.166800000000000000e+04
3.949900000000000000e+04 2.217300000000000000e+04 5.973000000000000000e+03
4.042100000000000000e+04 7.570000000000000000e+02 2.154500000000000000e+04
4.089400000000000000e+04 4.804000000000000000e+03 8.589000000000000000e+03
4.126000000000000000e+04 2.278700000000000000e+04 1.806000000000000000e+03
4.139200000000000000e+04 2.281700000000000000e+04 1.177600000000000000e+04
4.220600000000000000e+04 2.988000000000000000e+03 2.308000000000000000e+03
4.249500000000000000e+04 1.765400000000000000e+04 6.000000000000000000e+03
4.411200000000000000e+04 8.200000000000000000e+02 2.717000000000000000e+03
4.493300000000000000e+04 3.626000000000000000e+03 2.120000000000000000e+02
4.551700000000000000e+04 1.796000000000000000e+03 1.083000000000000000e+03
4.554000000000000000e+04 1.918000000000000000e+03 1.077000000000000000e+04
4.587600000000000000e+04 1.060000000000000000e+02 1.294900000000000000e+04
4.592400000000000000e+04 6.901000000000000000e+03 4.995000000000000000e+03
4.613800000000000000e+04 2.447000000000000000e+03 2.507000000000000000e+03
4.715800000000000000e+04 2.363300000000000000e+04 1.177000000000000000e+03
4.758200000000000000e+04 9.490000000000000000e+02 7.518000000000000000e+03
5.002300000000000000e+04 2.008000000000000000e+03 2.560000000000000000e+03
5.155000000000000000e+04 1.083000000000000000e+03 8.717000000000000000e+03
5.158200000000000000e+04 8.140000000000000000e+02 8.038000000000000000e+03
5.165600000000000000e+04 9.990000000000000000e+03 6.560000000000000000e+02
5.170700000000000000e+04 3.038000000000000000e+03 1.050000000000000000e+02
5.188200000000000000e+04 1.399300000000000000e+04 2.011700000000000000e+04
5.193800000000000000e+04 7.200000000000000000e+03 1.570000000000000000e+02
5.218500000000000000e+04 1.123000000000000000e+03 4.290000000000000000e+02
5.323200000000000000e+04 6.865000000000000000e+03 6.906000000000000000e+03
5.330200000000000000e+04 1.536000000000000000e+03 9.527000000000000000e+03
5.341700000000000000e+04 7.118000000000000000e+03 1.080000000000000000e+02
5.389000000000000000e+04 1.413400000000000000e+04 1.753600000000000000e+04
5.469700000000000000e+04 6.205000000000000000e+03 6.221000000000000000e+03
5.477000000000000000e+04 8.762000000000000000e+03 2.170000000000000000e+02
5.490600000000000000e+04 6.944000000000000000e+03 4.243000000000000000e+03
5.498600000000000000e+04 1.051900000000000000e+04 2.471000000000000000e+03
5.539400000000000000e+04 1.280000000000000000e+02 2.802000000000000000e+03
5.634100000000000000e+04 2.750000000000000000e+02 4.000000000000000000e+00
5.640700000000000000e+04 3.783000000000000000e+03 5.000000000000000000e+00
5.704400000000000000e+04 5.265000000000000000e+03 4.538000000000000000e+03
5.708800000000000000e+04 1.543000000000000000e+03 1.027000000000000000e+03
5.748000000000000000e+04 6.780000000000000000e+02 1.059000000000000000e+03
5.873700000000000000e+04 3.034000000000000000e+03 9.760000000000000000e+02
5.886700000000000000e+04 6.837000000000000000e+03 4.931000000000000000e+03
5.990600000000000000e+04 4.452000000000000000e+03 6.352000000000000000e+03
6.037300000000000000e+04 1.068500000000000000e+04 1.195500000000000000e+04
6.063900000000000000e+04 4.200000000000000000e+01 1.228000000000000000e+04
6.082300000000000000e+04 1.959000000000000000e+03 1.624000000000000000e+03
6.127000000000000000e+04 2.935000000000000000e+03 1.137700000000000000e+04
6.161400000000000000e+04 1.289700000000000000e+04 1.237300000000000000e+04
6.212500000000000000e+04 4.190000000000000000e+03 1.107000000000000000e+03
6.245900000000000000e+04 6.300000000000000000e+01 2.097000000000000000e+03
6.288400000000000000e+04 2.419000000000000000e+03 2.829000000000000000e+03
6.298500000000000000e+04 6.274000000000000000e+03 5.810000000000000000e+03
6.314200000000000000e+04 1.448400000000000000e+04 2.300000000000000000e+03
6.385800000000000000e+04 1.284800000000000000e+04 7.262000000000000000e+03
6.450400000000000000e+04 1.289600000000000000e+04 7.325000000000000000e+03
6.480300000000000000e+04 2.221000000000000000e+03 1.220000000000000000e+02
6.501200000000000000e+04 4.916000000000000000e+03 8.000000000000000000e+02
6.568100000000000000e+04 1.339500000000000000e+04 1.267000000000000000e+03
6.568700000000000000e+04 4.150000000000000000e+02 1.422200000000000000e+04
6.605500000000000000e+04 2.699000000000000000e+03 4.248000000000000000e+03
6.646400000000000000e+04 1.333400000000000000e+04 1.005500000000000000e+04
6.736700000000000000e+04 1.457000000000000000e+03 3.219000000000000000e+03
6.775500000000000000e+04 1.069400000000000000e+04 7.370000000000000000e+02
6.843200000000000000e+04 1.597000000000000000e+03 8.909000000000000000e+03
6.866600000000000000e+04 2.351000000000000000e+03 7.258000000000000000e+03
6.963900000000000000e+04 4.771000000000000000e+03 1.558800000000000000e+04
6.980900000000000000e+04 3.892000000000000000e+03 7.981000000000000000e+03
7.173400000000000000e+04 3.461000000000000000e+03 1.194000000000000000e+03
7.212400000000000000e+04 3.210000000000000000e+02 2.602000000000000000e+03
7.268000000000000000e+04 6.801000000000000000e+03 5.135000000000000000e+03
7.288700000000000000e+04 4.630000000000000000e+03 4.094000000000000000e+03
7.343000000000000000e+04 4.920000000000000000e+02 1.928000000000000000e+04
7.415500000000000000e+04 6.614000000000000000e+03 1.648000000000000000e+03
7.567600000000000000e+04 1.082500000000000000e+04 4.681000000000000000e+03
7.754500000000000000e+04 1.190800000000000000e+04 2.909000000000000000e+03
7.822100000000000000e+04 2.823000000000000000e+03 1.251900000000000000e+04
7.894500000000000000e+04 4.300000000000000000e+02 6.950000000000000000e+02
7.928900000000000000e+04 4.032000000000000000e+03 5.228000000000000000e+03
7.959000000000000000e+04 4.658000000000000000e+03 9.820000000000000000e+02
7.967100000000000000e+04 6.849000000000000000e+03 1.240800000000000000e+04
7.982700000000000000e+04 9.356000000000000000e+03 2.097000000000000000e+03
7.997800000000000000e+04 1.728900000000000000e+04 1.400000000000000000e+02
7.998100000000000000e+04 1.238000000000000000e+03 6.981000000000000000e+03
8.030900000000000000e+04 2.889000000000000000e+03 1.135700000000000000e+04
8.063600000000000000e+04 1.107000000000000000e+03 2.486000000000000000e+03
8.065900000000000000e+04 4.360000000000000000e+02 2.350000000000000000e+02
8.094200000000000000e+04 2.010000000000000000e+03 3.976000000000000000e+03
8.194100000000000000e+04 9.342000000000000000e+03 1.402000000000000000e+03
8.350400000000000000e+04 3.016000000000000000e+03 5.969000000000000000e+03
8.378500000000000000e+04 9.650000000000000000e+02 1.038200000000000000e+04
8.494700000000000000e+04 4.646000000000000000e+03 2.242000000000000000e+03
8.545700000000000000e+04 8.635000000000000000e+03 1.063000000000000000e+04
8.641300000000000000e+04 8.649000000000000000e+03 2.461000000000000000e+04
8.643300000000000000e+04 2.096900000000000000e+04 1.428500000000000000e+04
8.662100000000000000e+04 9.750000000000000000e+02 9.408000000000000000e+03
8.666300000000000000e+04 5.230000000000000000e+03 7.980000000000000000e+02
8.679700000000000000e+04 2.917000000000000000e+03 4.171000000000000000e+03
8.766500000000000000e+04 2.379000000000000000e+03 8.164000000000000000e+03
8.781900000000000000e+04 1.442000000000000000e+03 3.000000000000000000e+01
8.790200000000000000e+04 8.930000000000000000e+02 6.160000000000000000e+02
8.817900000000000000e+04 9.570000000000000000e+03 5.956000000000000000e+03
8.826400000000000000e+04 1.427300000000000000e+04 6.824000000000000000e+03
8.850900000000000000e+04 1.439600000000000000e+04 1.307000000000000000e+03
8.851100000000000000e+04 1.703500000000000000e+04 5.934000000000000000e+03
8.858000000000000000e+04 1.220000000000000000e+02 8.387000000000000000e+03
8.916100000000000000e+04 1.841000000000000000e+03 1.530000000000000000e+02
9.022800000000000000e+04 2.176000000000000000e+03 3.960000000000000000e+02
9.064400000000000000e+04 1.090300000000000000e+04 1.143000000000000000e+03
9.095000000000000000e+04 9.770000000000000000e+03 1.530000000000000000e+02
9.146900000000000000e+04 2.375000000000000000e+03 5.730000000000000000e+02
9.170100000000000000e+04 8.556000000000000000e+03 5.086000000000000000e+03
9.191900000000000000e+04 1.320000000000000000e+04 1.573700000000000000e+04
9.205500000000000000e+04 1.100000000000000000e+01 4.359000000000000000e+03
9.210900000000000000e+04 1.425200000000000000e+04 3.198000000000000000e+03
9.270300000000000000e+04 2.251000000000000000e+03 1.454000000000000000e+03
9.293000000000000000e+04 6.619000000000000000e+03 7.650000000000000000e+02
9.335300000000000000e+04 2.116500000000000000e+04 1.512500000000000000e+04
9.366400000000000000e+04 3.334000000000000000e+03 6.546000000000000000e+03
9.426600000000000000e+04 4.890000000000000000e+03 4.163000000000000000e+03
9.515900000000000000e+04 2.796000000000000000e+03 8.079000000000000000e+03
9.645800000000000000e+04 3.650000000000000000e+02 1.056500000000000000e+04
9.646800000000000000e+04 1.047900000000000000e+04 2.123000000000000000e+04
9.674000000000000000e+04 1.938000000000000000e+03 8.803000000000000000e+03
9.694100000000000000e+04 9.000000000000000000e+00 2.017000000000000000e+03
9.695400000000000000e+04 3.598000000000000000e+03 6.818000000000000000e+03
9.707100000000000000e+04 7.445000000000000000e+03 8.697000000000000000e+03
9.767500000000000000e+04 3.400000000000000000e+01 3.176000000000000000e+03
9.795700000000000000e+04 1.167000000000000000e+03 1.142900000000000000e+04
9.917800000000000000e+04 7.045000000000000000e+03 9.472000000000000000e+03
9.935500000000000000e+04 1.767000000000000000e+03 4.550000000000000000e+03
1.000110000000000000e+05 1.123000000000000000e+03 1.190000000000000000e+02
1.000270000000000000e+05 1.190000000000000000e+02 1.123000000000000000e+03
1.000420000000000000e+05 7.888000000000000000e+03 1.404000000000000000e+03
1.000450000000000000e+05 1.404000000000000000e+03 7.888000000000000000e+03
1.000640000000000000e+05 1.767000000000000000e+03 6.100000000000000000e+01
1.000670000000000000e+05 6.100000000000000000e+01 1.767000000000000000e+03
